0
0
0
2
2
3
5
5
7
9
9
11
11
13
14
15
15
17
17
18
19
20
20
22
23
23
25
27
26
27
28
30
31
31
34
33
34
35
37
37
39
39
41
42
41
43
43
45
45
46
47
47
49
49
50
51
52
53
53
55
56
56
57
58
59
59
61
61
62
63
64
64
63
65
67
68
68
69
70
72
71
71
72
74
75
74
75
77
76
78
79
79
79
81
83
83
83
83
84
85
85
87
87
87
89
88
89
90
91
93
93
92
94
95
95
95
97
96
98
98
99
100
100
101
102
102
103
105
104
104
105
106
105
106
108
107
107
108
110
111
111
111
111
111
113
113
115
116
116
117
116
117
118
118
118
119
120
120
121
121
121
121
124
124
124
125
125
125
126
126
128
127
128
129
129
130
130
130
132
133
132
134
134
133
134
135
136
136
135
136
137
137
138
139
139
140
141
140
141
142
143
143
142
142
143
143
144
145
146
145
146
148
146
147
148
149
150
149
151
150
150
151
152
152
153
153
154
153
155
154
154
155
154
156
156
157
156
157
158
158
158
159
159
159
159
159
161
161
160
162
161
164
163
164
163
165
165
166
166
166
165
166
166
168
168
168
168
169
169
169
169
169
169
170
170
171
171
171
172
171
173
174
173
174
175
173
175
174
175
176
175
175
177
177
178
177
178
179
177
178
180
178
179
179
179
181
179
181
181
181
181
181
183
182
183
183
184
185
183
184
185
185
184
185
187
185
186
186
185
188
187
188
188
188
188
188
189
189
190
190
189
191
190
191
191
191
192
192
192
193
191
192
194
193
193
194
194
194
195
193
195
196
195
195
196
195
197
197
196
197
198
197
198
197
198
199
198
200
199
199
200
201
199
199
200
201
201
201
200
201
202
201
202
202
202
201
204
202
203
203
204
204
203
203
203
205
203
205
206
205
205
205
207
205
207
207
206
207
207
207
207
208
207
208
209
208
209
209
210
208
210
209
209
209
210
209
209
210
211
211
211
211
211
212
211
213
212
212
211
213
213
213
213
212
213
214
213
214
214
213
214
215
215
214
213
215
215
215
215
215
214
215
216
216
217
217
216
217
217
216
216
217
217
217
218
218
217
217
217
218
218
217
219
217
219
219
219
219
219
219
221
219
221
220
221
219
221
219
220
221
221
221
221
221
221
221
221
221
223
221
221
223
222
222
223
222
221
223
223
224
223
224
223
223
224
224
223
225
225
224
225
224
225
225
224
225
225
226
226
224
226
226
226
226
226
226
227
226
227
227
226
226
227
227
227
228
227
227
226
227
227
227
228
227
227
228
227
228
227
229
228
228
229
228
229
229
229
230
229
230
230
230
229
229
230
230
230
229
230
231
229
230
229
230
231
231
231
231
231
230
231
231
232
232
231
232
232
232
232
232
231
233
231
233
233
232
232
232
232
232
232
232
233
233
233
233
232
233
234
232
233
234
233
233
233
234
234
233
234
233
235
235
234
235
234
235
235
234
234
235
236
235
235
235
235
235
235
236
235
236
236
235
235
235
235
236
237
237
237
235
236
235
236
236
235
237
236
237
236
238
237
238
236
238
237
238
237
237
237
238
237
236
238
238
238
238
237
238
238
238
238
238
238
237
239
237
237
238
238
239
239
238
239
238
240
238
239
237
240
240
239
239
239
240
240
240
239
240
241
239
239
239
239
239
239
241
239
239
240
239
240
240
239
240
239
241
241
240
240
241
242
240
240
241
240
241
242
241
240
242
241
240
241
240
241
242
239
240
241
241
241
242
242
241
242
241
242
242
241
241
243
241
243
242
241
242
243
242
242
242
243
243
242
242
242
242
243
242
242
243
243
243
244
241
243
242
243
243
243
243
244
243
244
243
243
244
242
244
243
243
244
243
242
244
243
244
243
244
244
243
244
243
244
244
245
245
244
244
243
243
243
244
243
245
243
245
244
243
244
245
243
243
244
244
244
243
244
245
245
245
244
245
243
246
245
245
245
246
246
245
245
245
246
245
244
245
245
245
245
246
246
244
246
245
245
246
245
245
245
246
246
246
245
245
246
245
245
245
245
245
246
244
245
246
245
245
245
246
247
246
245
246
245
246
246
245
245
246
246
245
245
246
245
244
245
246
246
247
247
247
246
246
247
247
247
247
246
245
247
246
247
245
247
246
247
247
246
247
246
247
247
246
246
247
247
246
246
247
248
246
248
247
247
248
246
247
248
247
247
247
247
248
248
248
246
247
247
246
247
247
246
247
246
247
247
248
248
248
247
247
246
248
247
247
248
248
248
247
248
247
247
247
247
248
247
249
246
246
243
243
243
241
239
239
238
238
236
235
233
233
232
232
231
229
228
227
228
226
225
223
222
222
222
220
220
218
217
217
216
214
214
213
213
212
211
210
210
207
207
207
205
204
205
202
202
201
201
200
198
199
197
197
197
195
194
194
193
193
191
192
189
188
187
188
187
186
184
184
183
183
181
181
180
180
179
179
176
177
176
175
174
175
174
173
172
171
170
170
168
169
168
167
166
165
165
164
164
163
162
162
161
160
160
160
158
157
156
157
156
155
154
155
152
152
152
151
150
149
149
149
148
147
148
147
146
145
145
144
144
144
142
142
141
141
140
140
140
138
137
137
137
135
136
135
135
135
135
134
133
132
132
131
131
130
129
129
129
128
128
127
127
126
125
125
123
123
123
123
122
121
122
121
121
120
119
119
120
118
117
117
116
116
116
116
115
114
114
114
113
112
112
112
110
111
111
110
109
109
109
108
108
108
106
106
105
106
106
105
105
104
103
103
103
102
101
102
101
99
100
100
99
97
97
98
98
98
97
96
96
96
96
96
96
95
94
93
93
92
91
92
92
91
91
91
89
89
89
89
89
87
88
89
88
87
87
86
85
86
85
84
84
84
84
84
83
83
83
81
82
81
81
80
81
79
81
79
80
79
78
77
78
78
76
78
76
75
76
76
75
76
75
74
74
74
74
74
73
73
73
73
72
71
71
72
71
71
70
70
70
69
69
69
70
67
67
67
67
68
66
68
65
66
66
66
65
65
66
65
63
64
62
63
64
63
62
63
61
62
62
62
62
60
61
61
61
60
60
60
60
60
59
59
58
58
58
57
58
57
57
57
57
57
56
56
56
56
56
55
55
54
54
55
54
53
54
53
54
54
53
53
52
52
52
52
52
52
51
50
52
49
49
51
50
50
50
48
49
47
49
48
47
48
48
47
47
47
48
47
47
46
47
45
46
46
46
46
45
46
45
45
45
44
45
45
44
43
43
43
44
44
42
42
42
43
43
41
41
42
41
41
41
41
41
41
39
39
40
41
40
40
40
40
40
38
38
37
39
37
39
39
38
38
38
37
37
38
36
37
38
36
37
37
37
35
37
37
36
35
34
36
36
35
35
35
35
33
35
33
34
34
34
33
33
34
33
33
34
32
31
32
31
32
33
32
33
32
32
31
32
32
31
32
32
31
32
30
30
31
30
29
31
31
29
30
30
29
28
29
28
29
28
30
29
29
28
29
28
28
27
29
27
28
28
27
27
27
27
27
26
26
26
27
26
26
27
25
26
26
26
26
25
25
26
25
25
24
25
24
24
24
25
24
25
24
24
24
25
23
23
23
24
24
24
23
24
23
22
23
23
23
23
23
23
23
22
22
21
21
22
21
22
22
22
20
21
22
22
22
22
21
21
22
20
20
21
20
22
19
20
21
21
20
21
20
21
20
20
18
20
19
19
17
18
20
19
19
20
19
18
18
18
19
19
18
18
17
18
17
18
17
18
18
17
18
15
18
17
17
18
17
17
18
17
17
17
17
17
17
17
17
16
17
16
15
16
16
15
15
16
15
16
15
16
15
15
16
15
15
15
14
16
15
15
15
15
15
15
15
13
14
14
14
14
14
14
15
14
14
15
14
14
14
15
14
14
14
14
13
13
14
13
13
14
13
13
13
13
13
14
13
14
13
12
13
13
13
13
13
12
12
13
12
13
12
11
12
11
11
12
11
12
13
12
11
11
11
11
13
12
12
12
11
12
11
11
11
11
11
11
11
12
11
12
12
10
10
10
10
12
10
11
11
11
11
11
10
10
10
11
11
10
10
11
9
10
10
10
10
11
10
11
10
9
10
9
10
9
9
10
10
10
9
10
9
9
9
8
10
10
9
9
10
10
9
9
9
9
9
9
8
8
9
9
9
9
9
9
10
9
9
9
8
8
8
8
7
8
9
9
9
8
7
8
8
9
8
9
8
7
8
7
7
9
7
8
7
8
8
8
8
8
7
8
8
6
7
8
7
7
7
7
8
7
8
8
7
7
7
8
7
7
8
8
7
7
7
7
7
7
7
6
7
6
6
6
7
7
7
7
5
