- Blood Lab

- Experiment date = 2021-11-25 13:44:52
- Experiment duration = 60.01 s
- Number of samples in measure = 0
- Sampling period = 10283.82 us
- Sampling frequency = 97 Hz
- Samples count = 5835

- adc12bit
1259
1257
1256
1256
1254
1253
1252
1254
1252
1251
1251
1247
1249
1251
1249
1249
1248
1248
1247
1245
1245
1244
1243
1243
1242
1241
1241
1240
1240
1240
1240
1240
1239
1239
1239
1238
1240
1241
1245
1248
1253
1257
1260
1262
1263
1264
1264
1264
1264
1264
1268
1265
1265
1267
1263
1262
1263
1260
1259
1259
1256
1255
1254
1252
1251
1251
1249
1249
1248
1249
1247
1247
1246
1247
1245
1244
1243
1243
1241
1241
1239
1240
1239
1238
1236
1236
1235
1235
1235
1235
1236
1235
1234
1234
1235
1234
1234
1233
1233
1233
1233
1235
1236
1237
1241
1246
1250
1254
1255
1257
1258
1257
1257
1258
1259
1257
1257
1258
1259
1257
1256
1257
1256
1255
1252
1251
1250
1249
1248
1248
1248
1246
1246
1248
1246
1246
1245
1244
1243
1244
1244
1242
1242
1243
1240
1240
1238
1238
1236
1237
1235
1233
1233
1233
1231
1231
1230
1229
1228
1228
1228
1227
1227
1226
1225
1225
1225
1225
1227
1230
1234
1236
1240
1243
1244
1246
1247
1247
1247
1248
1247
1247
1247
1246
1246
1246
1245
1244
1242
1241
1240
1238
1236
1235
1235
1234
1233
1232
1231
1230
1231
1231
1231
1230
1230
1230
1229
1231
1228
1227
1228
1228
1225
1224
1223
1223
1222
1221
1220
1220
1219
1220
1219
1219
1217
1217
1217
1216
1216
1216
1216
1216
1215
1217
1217
1220
1223
1227
1230
1234
1237
1237
1238
1239
1238
1238
1239
1238
1238
1237
1237
1237
1237
1235
1233
1231
1228
1227
1226
1225
1223
1224
1223
1223
1223
1223
1223
1223
1221
1222
1222
1222
1219
1220
1219
1219
1218
1217
1217
1217
1215
1215
1216
1214
1212
1214
1214
1212
1211
1211
1212
1211
1211
1210
1209
1209
1211
1212
1217
1219
1223
1227
1230
1230
1231
1231
1233
1231
1231
1232
1230
1230
1229
1228
1226
1224
1223
1223
1219
1218
1216
1217
1216
1215
1214
1215
1215
1214
1214
1214
1214
1215
1214
1213
1213
1212
1213
1212
1210
1210
1210
1209
1209
1208
1210
1207
1206
1206
1208
1206
1205
1204
1206
1204
1204
1205
1209
1212
1215
1219
1223
1224
1225
1225
1227
1226
1227
1225
1224
1222
1223
1221
1220
1218
1216
1215
1213
1210
1210
1208
1209
1208
1209
1209
1211
1210
1210
1210
1213
1210
1210
1209
1210
1208
1208
1207
1208
1208
1206
1205
1207
1205
1203
1203
1204
1203
1201
1201
1201
1200
1200
1201
1204
1208
1211
1214
1218
1220
1221
1222
1222
1219
1220
1221
1220
1216
1217
1216
1216
1212
1212
1209
1209
1205
1206
1205
1207
1204
1206
1205
1207
1206
1206
1206
1207
1205
1207
1206
1204
1204
1204
1204
1202
1205
1202
1202
1201
1200
1200
1200
1199
1198
1197
1199
1199
1200
1203
1205
1208
1212
1216
1218
1217
1221
1218
1219
1218
1218
1218
1216
1214
1214
1212
1209
1208
1207
1204
1204
1201
1201
1202
1202
1203
1202
1203
1203
1203
1203
1201
1202
1202
1202
1201
1201
1200
1201
1200
1199
1198
1198
1198
1197
1196
1195
1195
1195
1193
1194
1195
1197
1201
1204
1208
1212
1214
1214
1216
1216
1218
1216
1215
1215
1215
1214
1213
1211
1209
1208
1204
1204
1202
1202
1200
1200
1200
1200
1200
1200
1200
1201
1201
1200
1201
1201
1200
1199
1200
1200
1199
1198
1198
1196
1197
1196
1195
1195
1194
1195
1194
1193
1192
1191
1192
1193
1195
1198
1203
1206
1211
1213
1215
1216
1216
1217
1218
1217
1216
1215
1215
1213
1213
1211
1209
1207
1205
1203
1201
1201
1200
1201
1199
1199
1200
1200
1201
1200
1201
1201
1201
1201
1200
1200
1199
1198
1199
1198
1198
1196
1196
1196
1195
1195
1194
1193
1192
1192
1194
1192
1192
1193
1196
1200
1204
1208
1211
1212
1214
1215
1216
1215
1214
1215
1213
1213
1212
1212
1209
1208
1204
1203
1201
1200
1199
1198
1198
1198
1198
1199
1199
1200
1200
1199
1200
1199
1198
1198
1197
1197
1197
1196
1196
1194
1195
1194
1193
1192
1192
1192
1192
1191
1191
1189
1189
1190
1190
1191
1196
1199
1204
1208
1210
1212
1215
1215
1215
1215
1215
1215
1214
1214
1213
1212
1210
1208
1206
1204
1202
1200
1200
1198
1198
1198
1198
1199
1199
1199
1199
1199
1199
1199
1198
1198
1197
1196
1195
1195
1195
1195
1194
1193
1193
1192
1191
1192
1191
1191
1190
1189
1189
1188
1188
1189
1187
1187
1189
1192
1195
1200
1204
1209
1211
1214
1212
1214
1215
1215
1215
1215
1214
1213
1212
1212
1209
1208
1206
1205
1201
1200
1199
1197
1197
1198
1196
1197
1196
1197
1197
1199
1197
1197
1196
1199
1196
1195
1194
1194
1193
1193
1192
1192
1191
1192
1190
1190
1188
1188
1188
1188
1187
1187
1187
1186
1186
1185
1185
1187
1187
1190
1194
1198
1203
1206
1208
1209
1211
1211
1212
1212
1212
1211
1212
1209
1208
1206
1204
1203
1201
1199
1197
1195
1195
1192
1192
1192
1192
1192
1192
1192
1192
1192
1193
1191
1192
1191
1190
1191
1190
1189
1190
1187
1187
1186
1186
1185
1184
1184
1183
1183
1183
1183
1182
1181
1181
1180
1181
1180
1180
1180
1183
1185
1188
1193
1197
1200
1202
1204
1203
1205
1206
1206
1208
1205
1205
1204
1202
1201
1199
1195
1194
1192
1190
1189
1188
1187
1189
1189
1189
1189
1189
1190
1189
1190
1190
1190
1189
1188
1187
1188
1187
1187
1187
1185
1185
1185
1183
1183
1183
1184
1183
1181
1180
1181
1181
1181
1181
1179
1180
1179
1180
1182
1184
1190
1192
1197
1199
1201
1203
1203
1205
1204
1203
1203
1203
1203
1203
1200
1199
1197
1195
1194
1191
1190
1188
1187
1188
1187
1187
1188
1188
1189
1188
1189
1189
1189
1189
1189
1188
1187
1186
1185
1185
1185
1184
1184
1183
1183
1182
1182
1181
1180
1182
1180
1180
1179
1179
1178
1178
1177
1178
1180
1184
1187
1191
1196
1198
1201
1201
1201
1203
1202
1202
1203
1203
1203
1200
1199
1198
1197
1195
1193
1190
1188
1187
1187
1186
1185
1185
1185
1185
1186
1187
1186
1187
1186
1187
1186
1185
1185
1184
1184
1183
1183
1182
1183
1181
1181
1181
1180
1179
1179
1177
1179
1178
1177
1178
1177
1177
1176
1176
1177
1179
1182
1185
1190
1193
1197
1199
1200
1201
1202
1203
1203
1203
1203
1202
1201
1199
1198
1196
1194
1191
1190
1189
1187
1186
1185
1185
1185
1185
1185
1185
1185
1186
1186
1185
1185
1185
1185
1184
1185
1183
1183
1182
1181
1180
1180
1181
1179
1178
1180
1177
1178
1177
1177
1177
1176
1176
1176
1175
1178
1175
1175
1176
1177
1180
1184
1188
1193
1196
1199
1199
1200
1200
1200
1200
1200
1200
1200
1198
1199
1195
1193
1191
1189
1188
1185
1185
1183
1182
1182
1183
1183
1183
1183
1183
1184
1184
1184
1185
1183
1183
1183
1182
1181
1181
1181
1180
1180
1178
1177
1177
1177
1177
1177
1176
1175
1175
1175
1174
1174
1174
1174
1174
1173
1174
1173
1176
1180
1183
1187
1191
1194
1195
1196
1197
1198
1197
1197
1197
1196
1196
1195
1192
1191
1189
1187
1185
1183
1182
1180
1180
1179
1180
1179
1180
1181
1182
1181
1181
1181
1181
1181
1180
1180
1180
1179
1179
1178
1178
1177
1177
1176
1176
1176
1174
1174
1174
1173
1172
1171
1171
1172
1171
1172
1172
1171
1171
1170
1170
1171
1172
1175
1180
1183
1187
1191
1193
1195
1195
1197
1196
1196
1197
1196
1196
1194
1193
1192
1189
1188
1185
1183
1182
1180
1179
1178
1179
1180
1179
1178
1179
1180
1181
1181
1180
1180
1180
1181
1178
1178
1178
1177
1178
1176
1175
1176
1174
1175
1174
1173
1172
1171
1174
1171
1170
1170
1170
1168
1171
1171
1169
1169
1169
1169
1169
1169
1170
1170
1169
1171
1175
1178
1183
1187
1189
1192
1193
1195
1195
1194
1195
1194
1194
1194
1192
1191
1190
1185
1185
1183
1181
1179
1178
1176
1177
1177
1176
1177
1176
1177
1176
1179
1180
1178
1178
1179
1176
1176
1176
1176
1176
1182
1175
1172
1172
1172
1172
1171
1171
1171
1169
1169
1168
1168
1167
1168
1171
1167
1167
1167
1167
1168
1166
1165
1167
1166
1167
1167
1167
1167
1166
1166
1167
1167
1167
1171
1176
1179
1183
1185
1187
1190
1188
1190
1191
1192
1191
1189
1190
1189
1188
1187
1184
1182
1181
1179
1177
1177
1175
1174
1174
1174
1173
1174
1175
1175
1176
1177
1176
1177
1177
1176
1175
1176
1175
1175
1173
1173
1172
1172
1173
1171
1170
1169
1168
1168
1168
1167
1167
1168
1167
1167
1167
1166
1167
1167
1166
1166
1166
1166
1166
1165
1166
1166
1165
1165
1164
1165
1167
1168
1171
1175
1179
1183
1184
1184
1186
1186
1187
1185
1185
1184
1185
1184
1181
1180
1179
1176
1176
1174
1173
1171
1169
1171
1170
1169
1169
1172
1171
1172
1172
1172
1171
1172
1172
1174
1171
1172
1172
1171
1169
1169
1169
1168
1167
1166
1166
1164
1164
1164
1164
1163
1162
1163
1162
1161
1161
1161
1162
1161
1161
1162
1162
1160
1161
1163
1167
1171
1174
1177
1182
1182
1183
1185
1184
1183
1184
1184
1183
1182
1183
1182
1179
1177
1175
1175
1171
1171
1169
1169
1166
1168
1167
1169
1168
1168
1171
1169
1169
1171
1170
1171
1171
1170
1171
1169
1169
1169
1169
1167
1166
1166
1166
1164
1164
1164
1164
1163
1162
1163
1162
1160
1162
1161
1162
1161
1161
1161
1161
1161
1162
1164
1168
1171
1176
1180
1182
1184
1184
1186
1184
1184
1185
1186
1185
1185
1183
1182
1181
1180
1177
1175
1174
1172
1170
1169
1169
1168
1169
1169
1167
1170
1171
1171
1170
1171
1172
1170
1169
1169
1169
1168
1168
1167
1168
1166
1165
1165
1166
1164
1162
1163
1164
1161
1162
1161
1163
1161
1161
1160
1161
1160
1160
1161
1159
1160
1160
1163
1167
1169
1174
1177
1181
1182
1183
1185
1185
1185
1186
1187
1185
1185
1183
1184
1182
1180
1178
1176
1172
1172
1172
1171
1169
1169
1170
1170
1169
1171
1172
1171
1171
1171
1172
1170
1169
1170
1169
1168
1168
1167
1168
1167
1166
1167
1167
1166
1164
1164
1164
1163
1163
1162
1163
1161
1163
1163
1162
1161
1162
1162
1162
1163
1164
1165
1169
1171
1175
1180
1183
1185
1187
1187
1187
1188
1189
1189
1188
1187
1185
1185
1183
1182
1180
1178
1176
1174
1173
1170
1170
1170
1170
1171
1171
1171
1173
1174
1175
1174
1175
1174
1175
1174
1173
1173
1173
1173
1173
1171
1171
1171
1170
1169
1168
1168
1167
1167
1166
1166
1165
1165
1165
1166
1167
1166
1167
1167
1165
1166
1166
1167
1170
1173
1177
1180
1185
1187
1190
1190
1190
1190
1191
1191
1191
1189
1189
1188
1187
1185
1184
1183
1181
1180
1178
1176
1176
1174
1175
1175
1175
1175
1176
1176
1176
1177
1176
1176
1177
1176
1176
1174
1173
1174
1173
1174
1171
1171
1171
1170
1170
1171
1170
1168
1168
1168
1167
1168
1168
1167
1167
1167
1167
1167
1167
1167
1167
1167
1166
1167
1169
1172
1176
1180
1184
1187
1189
1190
1192
1192
1193
1193
1193
1192
1193
1191
1191
1191
1190
1188
1188
1185
1184
1183
1182
1180
1179
1179
1179
1179
1179
1179
1178
1179
1178
1179
1178
1179
1178
1178
1177
1176
1176
1175
1175
1174
1173
1172
1171
1171
1171
1171
1170
1169
1168
1168
1168
1168
1167
1167
1167
1167
1167
1168
1166
1167
1167
1167
1166
1166
1166
1166
1166
1165
1166
1167
1169
1172
1177
1181
1184
1185
1187
1188
1191
1191
1191
1191
1191
1191
1190
1190
1188
1188
1188
1187
1184
1183
1181
1179
1178
1177
1176
1176
1176
1176
1176
1175
1176
1178
1176
1176
1176
1176
1175
1175
1173
1174
1172
1172
1171
1171
1171
1169
1168
1168
1167
1167
1167
1167
1166
1166
1165
1165
1166
1165
1164
1166
1164
1164
1164
1164
1164
1164
1164
1164
1163
1164
1164
1164
1163
1163
1163
1161
1161
1162
1164
1167
1171
1175
1179
1181
1183
1185
1185
1186
1187
1187
1187
1187
1187
1186
1184
1184
1183
1181
1180
1179
1178
1176
1174
1174
1173
1172
1173
1172
1173
1173
1172
1173
1173
1174
1172
1174
1172
1171
1171
1171
1170
1170
1169
1168
1168
1168
1168
1167
1166
1167
1166
1166
1164
1164
1164
1164
1163
1163
1163
1162
1162
1161
1161
1161
1160
1160
1159
1160
1159
1160
1159
1159
1158
1158
1159
1161
1164
1169
1171
1176
1176
1177
1179
1180
1180
1180
1182
1183
1181
1180
1180
1179
1178
1176
1176
1174
1171
1172
1168
1167
1166
1166
1166
1166
1165
1166
1166
1167
1164
1164
1165
1164
1163
1163
1162
1163
1161
1162
1161
1162
1160
1159
1159
1158
1158
1158
1157
1155
1156
1154
1155
1155
1153
1153
1155
1153
1152
1153
1153
1153
1152
1153
1153
1154
1153
1153
1153
1152
1153
1152
1151
1152
1153
1156
1159
1163
1166
1168
1170
1171
1172
1173
1174
1174
1175
1174
1174
1173
1172
1172
1170
1170
1167
1164
1163
1162
1163
1160
1160
1159
1159
1159
1160
1160
1161
1161
1161
1160
1160
1160
1159
1160
1159
1158
1158
1157
1156
1155
1155
1155
1155
1153
1153
1153
1152
1151
1151
1150
1151
1151
1150
1150
1151
1150
1150
1150
1150
1150
1151
1150
1150
1150
1152
1154
1157
1161
1164
1167
1168
1170
1171
1171
1172
1172
1173
1171
1170
1171
1169
1167
1167
1165
1164
1162
1160
1159
1159
1158
1156
1157
1157
1157
1159
1158
1159
1159
1159
1159
1158
1158
1157
1158
1157
1156
1155
1154
1154
1153
1153
1152
1152
1152
1151
1150
1150
1150
1149
1148
1148
1149
1148
1150
1148
1149
1148
1148
1148
1148
1150
1153
1155
1159
1163
1166
1168
1171
1171
1172
1172
1174
1173
1173
1172
1172
1171
1169
1169
1167
1167
1164
1162
1161
1160
1158
1157
1157
1158
1158
1158
1158
1158
1158
1158
1159
1158
1159
1158
1158
1157
1156
1156
1155
1154
1155
1153
1152
1153
1152
1151
1150
1150
1150
1149
1149
1148
1150
1150
1148
1148
1148
1148
1147
1147
1147
1148
1148
1151
1152
1157
1160
1165
1168
1169
1171
1171
1173
1175
1174
1174
1174
1174
1174
1172
1171
1170
1169
1168
1164
1163
1161
1160
1160
1159
1159
1158
1158
1158
1158
1159
1159
1158
1158
1158
1159
1158
1158
1157
1157
1155
1155
1155
1154
1155
1154
1152
1151
1151
1151
1150
1150
1150
1150
1148
1148
1149
1148
1148
1149
1149
1149
1148
1149
1149
1148
1148
1149
1148
1149
1151
1153
1158
1162
1167
1169
1170
1171
1172
1172
1173
1174
1174
1174
1173
1172
1171
1170
1168
1168
1166
1164
1162
1161
1159
1159
1158
1158
1158
1157
1158
1158
1159
1159
1160
1160
1159
1159
1158
1158
1158
1158
1156
1156
1156
1155
1155
1155
1155
1153
1153
1152
1151
1151
1150
1151
1150
1150
1150
1149
1149
1149
1149
1150
1149
1150
1148
1149
1148
1148
1148
1149
1148
1149
1148
1148
1149
1151
1153
1157
1162
1164
1168
1170
1171
1172
1172
1174
1172
1174
1174
1174
1173
1172
1171
1169
1168
1167
1164
1163
1162
1161
1159
1159
1158
1158
1159
1160
1160
1159
1159
1159
1159
1159
1158
1158
1157
1158
1157
1155
1155
1155
1154
1153
1153
1152
1151
1150
1150
1150
1149
1149
1148
1148
1148
1149
1148
1147
1147
1147
1148
1147
1147
1147
1147
1147
1146
1146
1146
1147
1146
1145
1145
1146
1145
1145
1145
1147
1148
1152
1156
1160
1163
1167
1168
1169
1171
1170
1170
1171
1171
1171
1170
1169
1169
1167
1166
1165
1163
1162
1160
1158
1157
1157
1156
1156
1156
1156
1156
1157
1156
1156
1157
1157
1156
1156
1155
1155
1154
1154
1153
1152
1151
1151
1152
1151
1149
1150
1148
1149
1148
1148
1147
1147
1146
1146
1146
1147
1146
1147
1147
1145
1146
1146
1145
1145
1145
1145
1146
1146
1146
1145
1145
1145
1147
1145
1145
1147
1148
1152
1155
1159
1162
1165
1166
1167
1167
1168
1168
1169
1168
1167
1167
1166
1164
1164
1163
1160
1159
1158
1156
1154
1154
1153
1153
1153
1154
1155
1155
1155
1155
1156
1156
1156
1155
1155
1155
1155
1153
1154
1152
1152
1151
1151
1150
1149
1148
1148
1148
1148
1146
1146
1147
1147
1145
1146
1144
1145
1144
1145
1144
1145
1145
1145
1143
1144
1145
1145
1145
1148
1154
1156
1159
1163
1166
1165
1167
1167
1168
1167
1166
1165
1166
1164
1163
1162
1161
1158
1158
1155
1155
1151
1151
1151
1151
1150
1151
1151
1152
1152
1153
1154
1155
1154
1153
1153
1152
1151
1151
1151
1150
1150
1150
1150
1148
1148
1147
1148
1147
1146
1144
1144
1143
1143
1143
1144
1143
1143
1143
1143
1143
1143
1143
1142
1142
1142
1143
1142
1144
1145
1150
1153
1157
1162
1164
1166
1166
1166
1168
1167
1167
1166
1167
1166
1166
1164
1164
1160
1161
1159
1156
1155
1154
1154
1151
1151
1151
1152
1151
1152
1152
1153
1153
1153
1154
1153
1153
1152
1152
1152
1152
1150
1150
1150
1149
1148
1148
1148
1146
1146
1146
1145
1143
1144
1144
1144
1142
1143
1143
1144
1142
1143
1144
1145
1143
1142
1142
1143
1142
1142
1143
1145
1150
1153
1159
1161
1163
1165
1168
1168
1167
1167
1168
1168
1167
1167
1167
1166
1164
1164
1161
1158
1158
1156
1155
1152
1152
1152
1152
1151
1153
1153
1154
1153
1154
1154
1153
1152
1153
1153
1152
1151
1151
1151
1150
1149
1148
1148
1148
1148
1147
1146
1147
1145
1145
1145
1142
1144
1144
1144
1142
1143
1143
1143
1142
1143
1142
1143
1142
1143
1143
1142
1143
1145
1148
1152
1155
1159
1162
1164
1165
1165
1166
1167
1167
1167
1166
1166
1166
1164
1164
1161
1159
1159
1156
1156
1154
1153
1152
1151
1152
1152
1151
1152
1152
1152
1152
1152
1153
1153
1152
1152
1152
1151
1152
1150
1150
1150
1149
1148
1148
1147
1146
1147
1145
1144
1144
1144
1144
1144
1144
1143
1143
1142
1142
1143
1142
1142
1142
1142
1142
1142
1143
1143
1142
1144
1142
1143
1146
1150
1154
1157
1161
1162
1164
1167
1165
1166
1165
1165
1165
1164
1164
1162
1163
1162
1159
1157
1155
1153
1152
1150
1150
1149
1149
1151
1150
1151
1151
1152
1153
1153
1153
1152
1152
1152
1151
1150
1150
1149
1148
1148
1147
1147
1145
1145
1145
1145
1145
1144
1143
1143
1142
1143
1142
1141
1142
1142
1142
1142
1142
1141
1142
1143
1142
1141
1144
1146
1150
1153
1157
1159
1162
1163
1164
1165
1166
1165
1165
1165
1164
1164
1163
1161
1160
1164
1158
1154
1152
1152
1151
1151
1150
1150
1151
1150
1151
1152
1152
1152
1152
1152
1152
1152
1152
1152
1151
1150
1150
1149
1147
1147
1147
1146
1146
1144
1144
1144
1144
1143
1142
1142
1142
1141
1140
1141
1140
1141
1140
1140
1140
1140
1141
1141
1140
1140
1140
1142
1144
1148
1152
1156
1159
1161
1164
1164
1165
1167
1167
1168
1166
1167
1166
1165
1165
1163
1161
1160
1159
1157
1156
1155
1153
1153
1152
1151
1151
1152
1153
1152
1152
1152
1153
1153
1153
1153
1152
1151
1151
1150
1150
1149
1148
1148
1147
1147
1146
1145
1145
1144
1144
1144
1143
1143
1143
1143
1142
1142
1142
1142
1142
1142
1141
1141
1142
1142
1141
1141
1140
1141
1141
1142
1145
1148
1153
1156
1160
1161
1163
1164
1164
1165
1166
1165
1165
1165
1164
1164
1163
1162
1160
1160
1158
1156
1154
1153
1151
1151
1151
1151
1151
1151
1151
1151
1152
1152
1152
1152
1152
1151
1151
1151
1151
1150
1149
1148
1148
1147
1146
1147
1147
1145
1143
1143
1143
1143
1143
1143
1142
1142
1142
1142
1142
1142
1142
1142
1142
1141
1141
1141
1141
1140
1140
1142
1145
1148
1152
1155
1159
1162
1163
1163
1164
1164
1164
1164
1165
1164
1164
1162
1161
1161
1159
1158
1156
1153
1152
1151
1150
1149
1149
1150
1150
1151
1151
1151
1152
1152
1152
1151
1152
1151
1151
1151
1150
1149
1149
1148
1148
1148
1148
1145
1146
1144
1144
1143
1143
1142
1142
1143
1142
1142
1141
1141
1142
1142
1141
1140
1140
1140
1141
1141
1142
1144
1147
1150
1154
1158
1160
1161
1163
1163
1164
1163
1164
1163
1163
1162
1161
1160
1159
1158
1155
1154
1152
1151
1150
1148
1148
1148
1148
1149
1149
1150
1150
1151
1151
1152
1151
1150
1150
1150
1148
1148
1148
1147
1146
1147
1146
1145
1144
1143
1144
1144
1143
1142
1141
1141
1141
1141
1141
1140
1140
1140
1139
1140
1140
1139
1140
1142
1144
1147
1151
1155
1159
1161
1161
1163
1164
1164
1165
1166
1164
1164
1164
1163
1163
1161
1160
1156
1156
1155
1153
1152
1151
1151
1150
1150
1151
1150
1150
1151
1151
1152
1151
1151
1151
1151
1150
1150
1149
1149
1148
1147
1147
1147
1145
1145
1144
1145
1144
1144
1143
1142
1141
1142
1141
1141
1142
1141
1141
1141
1139
1140
1141
1140
1140
1142
1143
1145
1149
1153
1157
1160
1161
1163
1164
1165
1166
1166
1166
1166
1167
1165
1165
1164
1162
1162
1160
1158
1157
1155
1153
1153
1152
1152
1152
1152
1152
1152
1152
1153
1153
1154
1152
1153
1153
1152
1152
1151
1151
1151
1151
1150
1150
1150
1150
1148
1148
1147
1147
1148
1146
1146
1147
1146
1146
1146
1147
1146
1147
1146
1147
1147
1147
1147
1147
1147
1146
1147
1147
1149
1152
1156
1160
1164
1168
1169
1170
1171
1172
1173
1173
1173
1173
1173
1172
1171
1171
1169
1169
1168
1166
1164
1163
1162
1161
1160
1160
1161
1160
1162
1163
1163
1163
1163
1163
1163
1163
1160
1160
1159
1159
1158
1156
1155
1155
1153
1154
1153
1152
1151
1153
1151
1152
1151
1150
1150
1150
1150
1150
1149
1150
1148
1149
1149
1149
1149
1149
1148
1149
1148
1148
1148
1148
1148
1148
1149
1151
1155
1159
1162
1167
1169
1170
1170
1171
1171
1172
1172
1173
1173
1172
1170
1170
1169
1167
1165
1164
1163
1161
1159
1159
1158
1157
1158
1158
1158
1159
1159
1159
1160
1160
1159
1159
1159
1158
1158
1156
1157
1156
1156
1155
1155
1152
1153
1152
1152
1151
1151
1151
1150
1150
1149
1149
1149
1149
1149
1149
1149
1148
1148
1148
1148
1149
1148
1149
1151
1154
1158
1161
1164
1167
1167
1168
1169
1171
1169
1170
1170
1169
1169
1169
1167
1166
1166
1162
1161
1159
1158
1156
1156
1156
1155
1156
1155
1156
1157
1158
1157
1158
1157
1157
1156
1156
1155
1156
1155
1154
1153
1154
1152
1151
1151
1151
1149
1150
1149
1148
1148
1147
1148
1147
1147
1146
1147
1146
1146
1147
1146
1146
1146
1145
1145
1146
1148
1151
1154
1159
1161
1165
1167
1169
1170
1170
1171
1172
1172
1171
1171
1170
1169
1168
1168
1166
1164
1163
1161
1160
1159
1156
1156
1156
1156
1157
1156
1156
1157
1157
1157
1157
1157
1157
1155
1155
1155
1155
1153
1153
1153
1153
1151
1150
1150
1150
1149
1148
1148
1147
1148
1147
1146
1147
1146
1146
1147
1147
1145
1146
1145
1146
1145
1146
1145
1145
1144
1145
1144
1145
1147
1148
1151
1155
1159
1163
1166
1168
1169
1169
1171
1171
1171
1173
1172
1171
1170
1169
1168
1167
1166
1166
1163
1163
1161
1159
1158
1158
1158
1156
1157
1156
1156
1156
1156
1156
1156
1156
1156
1156
1155
1155
1155
1155
1153
1153
1152
1151
1151
1151
1148
1149
1148
1148
1147
1147
1148
1147
1145
1147
1145
1145
1145
1147
1145
1146
1145
1145
1144
1145
1146
1146
1145
1145
1144
1144
1144
1143
1143
1143
1143
1142
1143
1148
1149
1152
1156
1160
1164
1166
1166
1168
1168
1169
1171
1171
1169
1169
1168
1168
1166
1166
1165
1163
1160
1159
1160
1157
1156
1156
1156
1155
1155
1155
1156
1155
1155
1155
1155
1155
1154
1155
1155
1154
1154
1153
1152
1150
1150
1151
1149
1147
1148
1148
1147
1148
1147
1148
1145
1144
1145
1146
1144
1146
1143
1144
1144
1144
1144
1144
1144
1146
1145
1143
1143
1144
1142
1143
1143
1143
1143
1143
1142
1142
1142
1143
1144
1144
1145
1150
1154
1158
1160
1163
1165
1165
1166
1167
1168
1167
1167
1167
1167
1166
1164
1162
1162
1161
1158
1157
1155
1154
1153
1152
1153
1152
1152
1153
1153
1154
1154
1154
1154
1153
1153
1153
1154
1151
1152
1151
1151
1149
1149
1148
1148
1147
1147
1147
1145
1144
1144
1144
1145
1144
1143
1145
1144
1143
1143
1143
1143
1142
1143
1143
1141
1142
1143
1144
1141
1143
1142
1142
1140
1142
1143
1146
1148
1152
1155
1159
1160
1163
1166
1166
1166
1166
1167
1166
1165
1164
1166
1163
1161
1160
1160
1159
1155
1154
1155
1151
1152
1151
1151
1150
1151
1151
1152
1150
1151
1152
1152
1151
1152
1151
1151
1150
1150
1148
1148
1147
1147
1146
1146
1145
1145
1145
1144
1144
1143
1143
1143
1143
1142
1142
1142
1141
1142
1142
1141
1141
1141
1142
1142
1140
1140
1140
1140
1140
1141
1141
1140
1140
1140
1139
1139
1141
1140
1140
1141
1144
1148
1152
1157
1159
1161
1163
1164
1164
1165
1164
1166
1166
1166
1162
1163
1161
1159
1159
1157
1155
1154
1152
1154
1151
1149
1149
1149
1149
1150
1150
1151
1150
1150
1151
1151
1151
1150
1150
1148
1148
1149
1148
1147
1148
1146
1145
1144
1144
1144
1144
1143
1143
1142
1141
1142
1141
1141
1141
1140
1141
1140
1140
1140
1140
1140
1140
1140
1140
1140
1140
1140
1140
1139
1139
1140
1139
1139
1139
1139
1139
1139
1141
1144
1148
1151
1155
1158
1160
1162
1163
1163
1163
1163
1164
1162
1161
1160
1160
1159
1157
1155
1153
1152
1150
1149
1148
1148
1147
1147
1148
1148
1148
1148
1150
1150
1151
1150
1151
1151
1150
1150
1149
1148
1148
1147
1147
1145
1144
1145
1144
1144
1143
1142
1142
1142
1141
1141
1139
1140
1140
1140
1139
1140
1140
1139
1140
1139
1140
1140
1139
1140
1139
1139
1139
1142
1144
1148
1151
1154
1157
1160
1160
1162
1162
1162
1163
1162
1161
1161
1161
1159
1158
1156
1155
1153
1151
1150
1149
1147
1147
1147
1146
1146
1147
1147
1148
1149
1149
1148
1150
1149
1149
1150
1148
1148
1147
1146
1146
1145
1145
1144
1144
1143
1143
1141
1142
1140
1140
1139
1139
1139
1141
1140
1138
1139
1138
1138
1138
1138
1139
1139
1140
1138
1139
1139
1138
1139
1138
1139
1139
1141
1146
1148
1152
1155
1160
1159
1160
1161
1162
1163
1165
1164
1164
1162
1161
1161
1159
1158
1156
1155
1153
1151
1151
1148
1148
1147
1147
1147
1147
1148
1148
1150
1150
1149
1150
1150
1150
1149
1149
1149
1148
1148
1148
1145
1145
1144
1145
1144
1142
1143
1142
1142
1141
1140
1141
1140
1140
1139
1139
1139
1139
1139
1139
1139
1139
1139
1139
1139
1139
1139
1138
1139
1139
1138
1139
1139
1143
1145
1149
1153
1156
1158
1161
1161
1162
1163
1163
1164
1164
1163
1162
1161
1160
1159
1157
1156
1154
1153
1152
1149
1148
1149
1149
1148
1147
1148
1148
1148
1149
1150
1150
1150
1150
1149
1150
1148
1148
1148
1147
1147
1145
1146
1145
1145
1144
1143
1143
1142
1142
1143
1142
1141
1140
1139
1139
1140
1140
1140
1139
1140
1139
1139
1139
1140
1141
1140
1141
1143
1145
1150
1153
1156
1159
1160
1162
1162
1163
1163
1164
1164
1163
1161
1161
1160
1159
1157
1156
1154
1152
1151
1149
1148
1148
1148
1147
1148
1148
1149
1150
1149
1149
1151
1151
1150
1149
1150
1149
1148
1148
1148
1145
1145
1145
1144
1144
1143
1143
1142
1142
1142
1140
1142
1141
1140
1139
1140
1140
1140
1140
1139
1139
1140
1139
1139
1139
1139
1140
1140
1143
1145
1149
1153
1157
1159
1161
1162
1164
1164
1165
1166
1166
1164
1164
1163
1162
1160
1159
1158
1156
1157
1153
1151
1151
1151
1149
1149
1150
1150
1150
1151
1150
1151
1151
1151
1151
1150
1151
1151
1150
1151
1149
1148
1147
1147
1147
1146
1145
1145
1144
1145
1143
1145
1143
1143
1142
1142
1141
1141
1141
1143
1141
1141
1141
1141
1142
1141
1141
1140
1141
1142
1142
1142
1145
1149
1153
1157
1159
1161
1163
1165
1164
1166
1168
1165
1166
1165
1165
1163
1163
1161
1160
1159
1158
1156
1155
1154
1152
1152
1152
1151
1153
1153
1154
1154
1153
1154
1154
1153
1153
1152
1154
1152
1151
1151
1150
1150
1149
1148
1148
1147
1146
1146
1145
1145
1144
1144
1144
1143
1144
1143
1144
1143
1144
1143
1143
1143
1142
1143
1142
1142
1143
1147
1150
1152
1156
1159
1162
1163
1164
1164
1166
1168
1166
1166
1165
1166
1164
1164
1162
1162
1160
1159
1157
1156
1155
1153
1153
1153
1152
1152
1153
1153
1154
1153
1153
1154
1153
1154
1153
1153
1152
1151
1151
1150
1150
1150
1149
1148
1148
1147
1147
1146
1145
1145
1146
1145
1144
1144
1143
1143
1143
1143
1143
1142
1142
1143
1142
1142
1142
1143
1141
1141
1141
1142
1142
1141
1141
1141
1140
1139
1141
1144
1147
1150
1153
1157
1160
1162
1163
1165
1166
1167
1166
1167
1167
1167
1165
1166
1165
1164
1164
1162
1160
1159
1159
1158
1156
1156
1154
1155
1155
1153
1154
1155
1154
1154
1154
1153
1154
1155
1153
1153
1152
1152
1152
1151
1150
1150
1150
1148
1148
1147
1147
1146
1146
1145
1145
1145
1146
1145
1144
1143
1143
1143
1143
1143
1143
1143
1143
1142
1142
1142
1142
1142
1143
1142
1141
1141
1142
1140
1140
1140
1140
1139
1140
1139
1139
1140
1145
1146
1150
1153
1157
1160
1161
1163
1163
1164
1166
1164
1163
1164
1164
1162
1161
1161
1159
1158
1159
1155
1153
1152
1151
1149
1148
1149
1148
1148
1149
1148
1147
1147
1147
1147
1147
1147
1146
1146
1145
1144
1144
1144
1142
1142
1141
1140
1140
1140
1137
1138
1137
1137
1137
1136
1136
1135
1136
1135
1134
1136
1134
1133
1133
1133
1133
1133
1133
1133
1132
1132
1131
1132
1132
1131
1131
1130
1131
1132
1133
1136
1139
1143
1147
1149
1149
1150
1152
1152
1153
1153
1152
1152
1151
1151
1151
1149
1148
1148
1145
1144
1143
1141
1140
1139
1139
1140
1140
1139
1139
1141
1143
1142
1142
1141
1141
1141
1141
1140
1140
1140
1139
1138
1139
1137
1136
1137
1136
1135
1134
1134
1132
1133
1132
1132
1131
1132
1131
1132
1131
1130
1132
1131
1130
1130
1130
1131
1130
1131
1130
1131
1129
1130
1131
1130
1130
1130
1134
1136
1140
1143
1147
1149
1151
1152
1154
1154
1155
1156
1155
1155
1153
1154
1153
1152
1151
1150
1149
1148
1147
1145
1144
1143
1143
1142
1142
1141
1141
1142
1142
1142
1142
1142
1142
1141
1142
1141
1140
1140
1139
1139
1139
1137
1137
1136
1136
1135
1136
1134
1134
1133
1134
1132
1132
1132
1131
1131
1132
1131
1131
1131
1131
1130
1132
1131
1131
1130
1131
1130
1129
1130
1129
1129
1130
1129
1131
1132
1136
1141
1143
1145
1148
1151
1153
1152
1154
1155
1155
1154
1154
1154
1152
1151
1150
1151
1149
1146
1145
1144
1140
1140
1140
1139
1138
1139
1139
1141
1139
1140
1141
1142
1141
1142
1142
1140
1139
1140
1140
1140
1138
1138
1138
1136
1136
1135
1135
1134
1134
1134
1132
1133
1132
1132
1132
1132
1132
1131
1131
1130
1131
1131
1130
1129
1130
1131
1131
1129
1131
1133
1136
1138
1143
1147
1147
1150
1151
1151
1152
1153
1153
1152
1152
1151
1150
1151
1147
1146
1144
1144
1140
1140
1139
1137
1137
1136
1137
1136
1138
1137
1139
1139
1139
1138
1138
1138
1138
1137
1138
1138
1136
1135
1135
1135
1134
1133
1134
1132
1132
1131
1131
1130
1130
1129
1128
1129
1128
1128
1128
1129
1127
1128
1128
1128
1127
1128
1128
1129
1131
1134
1137
1141
1144
1147
1150
1150
1151
1152
1155
1153
1152
1152
1153
1151
1151
1149
1150
1147
1145
1144
1143
1139
1140
1139
1137
1136
1137
1139
1139
1138
1138
1139
1138
1138
1139
1139
1139
1137
1137
1137
1137
1136
1135
1136
1134
1133
1132
1133
1132
1131
1130
1130
1129
1129
1129
1130
1129
1128
1128
1128
1128
1129
1128
1129
1128
1128
1129
1128
1131
1132
1135
1139
1142
1146
1148
1151
1151
1153
1153
1155
1155
1155
1154
1155
1153
1152
1152
1152
1150
1150
1148
1146
1144
1143
1143
1142
1140
1140
1142
1141
1140
1142
1143
1142
1142
1142
1142
1140
1142
1141
1140
1140
1139
1139
1136
1137
1136
1136
1135
1134
1134
1133
1133
1131
1131
1131
1130
1131
1131
1130
1129
1129
1129
1129
1130
1129
1132
1129
1129
1129
1128
1128
1130
1132
1136
1140
1142
1147
1150
1151
1152
1153
1154
1156
1155
1155
1154
1154
1153
1153
1152
1150
1149
1149
1146
1145
1143
1142
1141
1140
1139
1140
1139
1139
1140
1140
1141
1141
1142
1140
1140
1140
1139
1139
1139
1139
1138
1138
1137
1136
1136
1136
1135
1135
1134
1133
1132
1133
1132
1132
1132
1132
1131
1132
1131
1132
1132
1131
1131
1130
1131
1130
1130
1130
1131
1131
1131
1130
1129
1129
1131
1133
1136
1139
1143
1147
1149
1150
1151
1153
1153
1155
1155
1155
1155
1154
1152
1151
1151
1149
1148
1147
1145
1143
1141
1139
1139
1139
1139
1139
1139
1138
1139
1140
1140
1140
1139
1140
1139
1139
1139
1139
1138
1137
1138
1137
1136
1137
1135
1134
1132
1132
1132
1132
1131
1131
1131
1133
1129
1130
1130
1130
1130
1129
1130
1129
1130
1131
1131
1130
1131
1131
1130
1131
1132
1135
1137
1142
1146
1148
1151
1152
1153
1155
1155
1155
1156
1155
1155
1153
1152
1151
1150
1148
1147
1145
1143
1141
1139
1138
1138
1138
1136
1137
1137
1139
1139
1139
1139
1140
1140
1139
1140
1140
1139
1138
1137
1137
1136
1136
1135
1135
1134
1133
1132
1132
1132
1131
1132
1130
1130
1129
1129
1130
1129
1129
1128
1129
1129
1128
1128
1130
1131
1132
1136
1138
1142
1145
1148
1151
1151
1153
1153
1155
1154
1155
1155
1153
1152
1151
1150
1147
1146
1145
1143
1140
1139
1137
1137
1136
1136
1136
1136
1136
1137
1137
1137
1138
1139
1139
1139
1137
1138
1137
1137
1136
1136
1136
1135
1135
1134
1133
1133
1131
1131
1131
1130
1130
1129
1128
1128
1128
1128
1128
1128
1129
1128
1128
1128
1128
1129
1132
1137
1140
1144
1147
1150
1152
1153
1154
1155
1156
1155
1156
1156
1155
1153
1154
1151
1149
1148
1146
1144
1142
1141
1140
1139
1139
1138
1138
1137
1138
1138
1138
1139
1139
1139
1139
1139
1139
1138
1138
1138
