- Blood Lab

- Experiment date = 2021-11-25 13:57:23
- Experiment duration = 60.00 s
- Number of samples in measure = 0
- Sampling period = 10267.47 us
- Sampling frequency = 97 Hz
- Samples count = 5844

- adc12bit
1248
1249
1249
1249
1245
1247
1245
1247
1244
1244
1244
1245
1245
1244
1242
1241
1244
1245
1250
1255
1260
1265
1268
1271
1271
1272
1272
1272
1270
1270
1268
1264
1263
1260
1256
1253
1251
1249
1249
1249
1248
1247
1248
1247
1247
1246
1246
1247
1244
1244
1244
1245
1244
1243
1242
1242
1240
1240
1239
1239
1239
1239
1239
1237
1238
1236
1235
1237
1241
1247
1251
1257
1260
1264
1264
1265
1264
1264
1263
1260
1260
1256
1254
1250
1248
1244
1244
1244
1241
1241
1241
1241
1242
1242
1241
1240
1240
1240
1239
1239
1239
1238
1236
1236
1237
1236
1237
1236
1235
1234
1234
1234
1234
1232
1232
1234
1236
1243
1249
1254
1256
1259
1260
1260
1261
1260
1260
1256
1256
1254
1251
1248
1245
1242
1241
1239
1238
1237
1237
1238
1238
1237
1239
1239
1237
1236
1236
1237
1236
1235
1235
1233
1234
1232
1233
1231
1231
1231
1229
1229
1228
1229
1229
1231
1236
1241
1248
1253
1255
1259
1258
1259
1259
1259
1257
1257
1254
1253
1251
1248
1245
1244
1239
1238
1236
1235
1233
1233
1235
1233
1235
1234
1232
1232
1232
1232
1232
1231
1231
1231
1230
1230
1231
1228
1230
1230
1227
1228
1227
1227
1228
1231
1237
1242
1247
1253
1255
1258
1257
1259
1260
1256
1256
1257
1254
1253
1251
1249
1244
1242
1240
1235
1236
1235
1233
1233
1230
1232
1231
1231
1231
1231
1231
1230
1230
1228
1228
1229
1228
1227
1227
1225
1226
1224
1224
1223
1222
1223
1224
1228
1234
1240
1244
1248
1251
1254
1255
1254
1255
1254
1254
1252
1252
1248
1246
1243
1240
1235
1234
1233
1231
1231
1231
1229
1228
1229
1230
1229
1227
1228
1228
1229
1228
1227
1227
1227
1227
1225
1224
1225
1223
1223
1222
1221
1220
1220
1221
1223
1227
1231
1236
1241
1245
1248
1248
1248
1249
1248
1246
1244
1243
1240
1239
1236
1233
1231
1230
1229
1227
1228
1223
1223
1225
1225
1223
1224
1224
1223
1223
1224
1222
1222
1222
1222
1220
1221
1223
1220
1220
1219
1219
1219
1219
1219
1216
1220
1225
1231
1233
1238
1242
1244
1247
1246
1246
1248
1244
1241
1240
1239
1236
1236
1232
1229
1229
1226
1227
1225
1228
1226
1225
1227
1227
1226
1225
1226
1226
1225
1225
1225
1225
1224
1223
1222
1223
1221
1220
1220
1219
1219
1219
1219
1220
1223
1228
1233
1238
1244
1244
1248
1248
1248
1248
1245
1244
1243
1239
1239
1236
1232
1230
1227
1225
1224
1223
1223
1224
1222
1223
1222
1221
1222
1222
1220
1221
1220
1219
1219
1219
1219
1217
1217
1218
1218
1216
1217
1215
1214
1214
1214
1216
1221
1225
1233
1237
1243
1246
1246
1248
1248
1248
1249
1248
1248
1246
1244
1240
1238
1235
1231
1229
1227
1225
1225
1223
1223
1223
1222
1223
1223
1223
1222
1223
1223
1220
1219
1220
1219
1220
1220
1216
1217
1218
1218
1216
1217
1213
1216
1218
1222
1230
1235
1241
1245
1249
1249
1251
1252
1252
1254
1252
1251
1251
1248
1246
1243
1240
1237
1233
1231
1229
1228
1227
1226
1225
1224
1223
1222
1223
1222
1223
1221
1220
1220
1219
1219
1220
1219
1219
1217
1217
1216
1216
1215
1214
1215
1213
1215
1219
1225
1231
1236
1241
1244
1247
1248
1249
1248
1249
1248
1248
1248
1244
1242
1240
1237
1235
1231
1228
1225
1223
1223
1222
1222
1221
1220
1220
1221
1220
1219
1220
1219
1218
1216
1216
1217
1215
1214
1215
1215
1213
1212
1213
1212
1211
1212
1210
1211
1208
1208
1213
1216
1221
1228
1233
1237
1239
1241
1243
1242
1241
1241
1241
1238
1238
1233
1231
1228
1225
1223
1220
1219
1218
1219
1218
1215
1217
1218
1216
1216
1216
1217
1216
1215
1215
1213
1212
1212
1212
1212
1211
1211
1211
1209
1208
1209
1208
1209
1207
1208
1208
1208
1211
1218
1222
1228
1232
1234
1236
1236
1236
1235
1236
1232
1231
1228
1227
1222
1220
1218
1218
1216
1213
1212
1212
1212
1212
1214
1211
1211
1210
1212
1211
1211
1211
1210
1210
1208
1209
1208
1208
1208
1206
1208
1205
1206
1204
1206
1203
1203
1202
1206
1207
1213
1219
1224
1227
1231
1231
1235
1233
1235
1234
1233
1231
1230
1228
1223
1222
1218
1217
1213
1211
1211
1213
1209
1211
1209
1210
1208
1211
1208
1209
1208
1209
1205
1208
1205
1205
1206
1206
1203
1206
1206
1203
1202
1202
1203
1201
1201
1200
1202
1206
1209
1213
1216
1223
1225
1227
1227
1228
1227
1225
1225
1221
1221
1220
1216
1212
1210
1208
1208
1206
1206
1206
1203
1204
1205
1206
1206
1204
1205
1204
1204
1203
1203
1202
1202
1202
1202
1202
1200
1200
1201
1198
1199
1199
1198
1198
1196
1198
1197
1199
1201
1207
1212
1214
1217
1220
1221
1220
1222
1220
1220
1216
1216
1213
1209
1205
1206
1204
1202
1201
1203
1200
1202
1200
1201
1202
1201
1202
1201
1203
1200
1201
1202
1199
1199
1200
1200
1199
1198
1199
1198
1199
1197
1198
1196
1198
1197
1196
1196
1197
1201
1205
1210
1212
1216
1218
1217
1217
1216
1216
1213
1211
1208
1204
1202
1200
1200
1198
1198
1197
1196
1196
1196
1196
1197
1196
1197
1197
1198
1197
1196
1196
1196
1196
1196
1196
1195
1195
1194
1194
1195
1193
1193
1192
1192
1192
1194
1198
1203
1206
1211
1213
1216
1216
1215
1214
1215
1214
1210
1207
1204
1202
1201
1198
1196
1195
1195
1195
1194
1193
1196
1195
1195
1195
1196
1194
1195
1194
1193
1193
1195
1193
1193
1193
1193
1193
1192
1193
1191
1190
1191
1190
1191
1195
1201
1207
1211
1214
1216
1219
1220
1221
1221
1219
1218
1217
1214
1214
1211
1208
1205
1204
1202
1200
1199
1200
1200
1198
1199
1200
1199
1199
1199
1200
1200
1199
1199
1198
1197
1198
1197
1198
1196
1195
1195
1195
1193
1193
1195
1198
1203
1208
1213
1217
1222
1223
1223
1224
1224
1224
1224
1225
1223
1221
1220
1217
1215
1212
1209
1207
1205
1204
1203
1202
1202
1203
1201
1202
1201
1202
1201
1201
1201
1200
1198
1199
1199
1197
1197
1198
1196
1196
1195
1194
1194
1196
1199
1202
1208
1215
1217
1223
1223
1224
1225
1225
1224
1225
1223
1222
1220
1219
1215
1212
1210
1207
1204
1203
1203
1203
1202
1201
1202
1201
1202
1203
1202
1202
1201
1200
1200
1200
1198
1199
1198
1197
1197
1197
1195
1195
1195
1195
1193
1194
1196
1202
1207
1210
1214
1218
1220
1220
1222
1222
1221
1221
1220
1218
1216
1213
1210
1207
1206
1204
1203
1201
1201
1199
1200
1200
1200
1200
1201
1202
1201
1199
1199
1199
1199
1198
1197
1197
1196
1196
1195
1195
1195
1195
1195
1193
1192
1193
1196
1199
1203
1208
1213
1217
1218
1219
1219
1219
1219
1217
1216
1215
1213
1209
1207
1204
1202
1201
1199
1198
1199
1198
1198
1198
1198
1199
1199
1198
1200
1198
1198
1198
1196
1196
1197
1196
1196
1195
1194
1193
1192
1192
1191
1192
1192
1193
1196
1202
1207
1212
1216
1217
1219
1220
1220
1219
1220
1219
1219
1216
1213
1211
1208
1206
1204
1201
1200
1200
1200
1199
1199
1199
1199
1198
1200
1198
1198
1197
1196
1196
1197
1196
1195
1194
1195
1195
1194
1193
1192
1191
1191
1192
1196
1199
1206
1211
1216
1219
1223
1223
1225
1225
1225
1225
1224
1224
1222
1219
1219
1216
1212
1210
1206
1204
1203
1202
1202
1201
1201
1201
1201
1201
1201
1201
1200
1199
1200
1199
1198
1200
1198
1196
1196
1195
1196
1195
1193
1192
1192
1194
1198
1203
1209
1214
1217
1221
1223
1226
1225
1228
1226
1226
1225
1224
1223
1223
1218
1216
1214
1210
1208
1206
1204
1203
1203
1204
1203
1206
1203
1202
1204
1202
1203
1200
1201
1201
1199
1200
1199
1199
1199
1199
1196
1196
1196
1195
1196
1195
1194
1196
1200
1206
1212
1216
1221
1223
1223
1224
1224
1224
1225
1224
1223
1220
1218
1217
1213
1210
1206
1205
1203
1203
1201
1201
1199
1201
1202
1202
1201
1200
1200
1203
1200
1198
1198
1197
1197
1195
1195
1196
1194
1193
1192
1192
1192
1191
1193
1196
1202
1208
1213
1216
1220
1222
1222
1224
1224
1223
1224
1222
1220
1219
1216
1214
1210
1206
1204
1203
1202
1201
1200
1200
1199
1199
1200
1201
1200
1199
1200
1198
1196
1198
1197
1195
1195
1194
1194
1193
1193
1193
1192
1191
1191
1191
1192
1193
1200
1206
1210
1218
1220
1222
1224
1227
1227
1228
1227
1227
1226
1225
1223
1221
1219
1216
1212
1209
1208
1204
1203
1203
1201
1202
1202
1201
1200
1201
1200
1201
1200
1200
1200
1199
1199
1197
1196
1196
1196
1195
1195
1194
1193
1192
1196
1196
1201
1207
1213
1220
1223
1225
1227
1229
1231
1230
1230
1231
1230
1229
1228
1227
1224
1220
1218
1215
1212
1209
1207
1207
1205
1205
1203
1204
1204
1203
1203
1202
1203
1202
1201
1200
1199
1199
1199
1198
1199
1199
1197
1195
1194
1194
1194
1193
1195
1199
1206
1211
1216
1221
1223
1227
1227
1230
1230
1231
1229
1229
1229
1228
1225
1223
1219
1216
1213
1211
1208
1207
1206
1206
1203
1203
1203
1203
1203
1204
1203
1202
1201
1200
1202
1200
1199
1200
1199
1199
1197
1196
1196
1196
1195
1194
1194
1194
1193
1194
1198
1204
1208
1216
1219
1223
1225
1227
1227
1228
1228
1227
1225
1224
1223
1221
1218
1215
1212
1208
1207
1206
1203
1203
1203
1203
1202
1203
1204
1204
1205
1204
1205
1202
1201
1200
1200
1199
1199
1199
1199
1198
1198
1198
1197
1196
1195
1195
1195
1195
1200
1206
1211
1219
1223
1226
1228
1232
1232
1233
1233
1233
1234
1231
1230
1228
1225
1223
1222
1219
1216
1215
1212
1212
1211
1210
1208
1208
1209
1209
1208
1207
1206
1206
1204
1204
1204
1204
1203
1201
1200
1201
1201
1199
1199
1199
1196
1195
1194
1196
1199
1204
1211
1217
1222
1225
1227
1229
1230
1231
1231
1231
1231
1230
1226
1224
1220
1218
1216
1212
1209
1207
1207
1207
1204
1204
1203
1204
1204
1204
1203
1203
1204
1203
1202
1202
1201
1200
1198
1198
1198
1198
1196
1195
1197
1194
1195
1194
1194
1198
1203
1209
1214
1219
1223
1226
1224
1227
1228
1228
1228
1225
1224
1223
1220
1217
1215
1211
1210
1209
1206
1204
1204
1205
1203
1203
1203
1204
1205
1203
1202
1203
1202
1201
1200
1198
1199
1198
1197
1196
1197
1195
1195
1193
1193
1193
1191
1193
1200
1203
1210
1215
1219
1223
1223
1224
1225
1224
1224
1223
1222
1220
1218
1215
1212
1209
1207
1204
1203
1200
1200
1201
1200
1199
1199
1200
1200
1198
1197
1198
1198
1197
1198
1195
1199
1197
1196
1194
1193
1193
1193
1193
1192
1191
1191
1194
1198
1203
1208
1213
1216
1217
1221
1220
1223
1223
1222
1217
1219
1217
1214
1209
1208
1207
1203
1203
1199
1200
1198
1196
1199
1198
1199
1199
1197
1198
1200
1199
1197
1200
1196
1196
1196
1193
1193
1195
1194
1193
1192
1192
1191
1190
1192
1194
1196
1203
1209
1214
1217
1219
1220
1224
1223
1223
1223
1221
1219
1219
1216
1214
1210
1208
1204
1202
1200
1200
1200
1200
1199
1198
1199
1199
1196
1199
1196
1199
1196
1196
1197
1197
1194
1194
1196
1195
1192
1193
1192
1191
1189
1189
1190
1191
1191
1198
1203
1206
1212
1214
1217
1217
1219
1220
1221
1219
1220
1219
1218
1214
1212
1209
1206
1201
1201
1200
1197
1197
1198
1198
1196
1195
1195
1196
1195
1194
1195
1194
1195
1192
1195
1194
1192
1191
1191
1191
1189
1191
1188
1190
1187
1189
1187
1188
1193
1198
1202
1206
1209
1212
1215
1215
1215
1214
1216
1214
1211
1211
1209
1206
1201
1200
1197
1194
1194
1193
1194
1192
1192
1192
1193
1191
1192
1191
1192
1191
1191
1191
1190
1191
1191
1189
1189
1187
1187
1186
1187
1187
1185
1184
1184
1186
1184
1187
1192
1197
1202
1205
1207
1209
1212
1210
1209
1210
1208
1208
1204
1203
1199
1197
1194
1193
1190
1190
1190
1190
1189
1189
1191
1190
1190
1189
1191
1190
1187
1187
1188
1187
1187
1186
1186
1186
1187
1184
1186
1183
1184
1183
1183
1184
1185
1188
1197
1199
1203
1207
1209
1209
1209
1209
1210
1209
1208
1205
1203
1200
1197
1195
1195
1191
1191
1191
1188
1190
1190
1190
1188
1189
1189
1190
1189
1189
1188
1187
1187
1187
1187
1186
1186
1185
1185
1185
1184
1183
1182
1182
1188
1191
1198
1202
1207
1211
1210
1214
1214
1215
1215
1214
1213
1211
1208
1207
1203
1201
1199
1196
1193
1194
1191
1191
1191
1191
1191
1191
1191
1190
1190
1190
1190
1188
1189
1189
1188
1188
1186
1186
1186
1185
1187
1184
1184
1184
1186
1191
1198
1203
1209
1212
1214
1217
1216
1223
1220
1219
1219
1217
1217
1216
1212
1211
1208
1208
1201
1200
1198
1197
1195
1196
1193
1194
1193
1196
1193
1192
1193
1192
1192
1192
1191
1191
1191
1192
1188
1188
1189
1187
1186
1186
1187
1189
1194
1203
1205
1211
1215
1216
1220
1221
1223
1223
1223
1225
1223
1222
1221
1219
1217
1216
1212
1210
1208
1206
1202
1200
1199
1200
1198
1197
1197
1198
1196
1198
1195
1195
1195
1195
1195
1194
1192
1192
1191
1191
1190
1189
1188
1187
1188
1188
1188
1195
1200
1206
1211
1214
1218
1220
1223
1224
1225
1224
1224
1225
1223
1221
1220
1217
1215
1214
1210
1207
1205
1204
1201
1199
1199
1199
1197
1197
1198
1198
1199
1199
1195
1196
1194
1194
1193
1192
1192
1192
1191
1192
1190
1189
1189
1189
1188
1188
1187
1187
1192
1198
1205
1209
1215
1216
1220
1223
1223
1223
1223
1222
1222
1221
1219
1217
1214
1211
1209
1206
1203
1202
1199
1199
1198
1199
1198
1199
1198
1198
1198
1197
1198
1198
1198
1198
1195
1196
1196
1196
1198
1196
1196
1196
1197
1194
1194
1193
1191
1191
1195
1199
1205
1209
1214
1218
1219
1220
1222
1222
1223
1223
1223
1220
1220
1218
1217
1213
1210
1208
1204
1203
1201
1200
1199
1198
1196
1196
1196
1196
1194
1193
1193
1191
1192
1191
1190
1190
1190
1189
1188
1187
1188
1187
1188
1187
1187
1185
1184
1185
1184
1185
1190
1195
1200
1205
1209
1212
1215
1216
1217
1217
1218
1219
1218
1217
1215
1214
1210
1207
1205
1201
1200
1198
1196
1196
1194
1196
1193
1193
1194
1193
1195
1192
1193
1192
1193
1192
1191
1191
1190
1188
1188
1187
1188
1186
1185
1184
1185
1184
1184
1187
1193
1198
1203
1211
1213
1217
1217
1217
1218
1219
1218
1217
1218
1215
1214
1211
1208
1205
1202
1200
1197
1195
1194
1194
1194
1192
1191
1192
1192
1191
1191
1191
1191
1191
1190
1189
1187
1189
1187
1187
1188
1187
1187
1185
1185
1184
1183
1182
1183
1187
1192
1199
1203
1208
1212
1215
1216
1217
1219
1219
1219
1217
1216
1216
1214
1211
1208
1204
1200
1198
1196
1195
1195
1193
1193
1193
1191
1192
1193
1193
1192
1191
1191
1191
1191
1188
1187
1187
1186
1187
1186
1187
1184
1184
1183
1182
1182
1180
1181
1184
1189
1196
1200
1206
1210
1212
1214
1215
1216
1216
1216
1217
1215
1214
1212
1209
1208
1204
1202
1199
1196
1195
1195
1192
1193
1190
1191
1191
1191
1191
1191
1189
1189
1190
1190
1189
1189
1188
1187
1186
1187
1185
1184
1183
1183
1182
1182
1181
1180
1181
1184
1188
1194
1202
1206
1210
1212
1215
1216
1217
1218
1218
1218
1218
1217
1215
1214
1211
1208
1204
1201
1200
1198
1195
1193
1192
1192
1192
1192
1191
1191
1190
1190
1190
1189
1189
1188
1188
1187
1187
1186
1185
1184
1185
1184
1183
1183
1183
1182
1183
1182
1180
1183
1187
1192
1198
1203
1208
1211
1215
1216
1217
1219
1219
1218
1218
1217
1216
1214
1214
1210
1207
1204
1201
1199
1197
1196
1193
1193
1194
1192
1192
1192
1192
1191
1191
1191
1189
1190
1191
1187
1187
1187
1185
1185
1184
1184
1184
1183
1185
1183
1183
1182
1181
1181
1181
1184
1190
1195
1201
1203
1208
1211
1212
1214
1214
1215
1216
1216
1215
1212
1211
1211
1207
1203
1200
1198
1196
1194
1193
1191
1190
1189
1190
1189
1188
1188
1188
1188
1189
1187
1187
1186
1187
1185
1183
1184
1183
1184
1184
1182
1182
1181
1181
1180
1180
1179
1179
1179
1182
1181
1185
1189
1193
1199
1203
1205
1207
1208
1211
1210
1208
1208
1207
1205
1203
1201
1199
1196
1194
1190
1188
1187
1186
1186
1185
1185
1185
1185
1187
1185
1185
1185
1184
1185
1183
1183
1182
1183
1184
1181
1181
1181
1180
1180
1178
1177
1179
1179
1179
1177
1176
1177
1176
1180
1185
1189
1193
1198
1200
1201
1203
1202
1202
1202
1200
1200
1197
1196
1192
1190
1188
1187
1184
1184
1183
1182
1182
1182
1182
1180
1182
1182
1182
1182
1182
1180
1180
1180
1180
1179
1179
1179
1178
1177
1176
1176
1177
1176
1176
1175
1174
1174
1176
1175
1179
1183
1188
1192
1196
1197
1199
1200
1200
1200
1200
1199
1196
1196
1193
1191
1188
1186
1183
1183
1180
1180
1180
1179
1179
1179
1179
1180
1180
1180
1180
1179
1179
1178
1178
1177
1177
1178
1176
1176
1176
1175
1175
1174
1174
1173
1174
1171
1174
1174
1179
1183
1187
1192
1196
1200
1200
1202
1202
1203
1203
1202
1202
1201
1200
1198
1194
1192
1190
1187
1183
1183
1181
1181
1182
1183
1182
1181
1182
1182
1180
1181
1180
1179
1179
1180
1178
1177
1177
1177
1176
1176
1176
1176
1174
1175
1174
1174
1176
1178
1183
1187
1192
1196
1200
1201
1204
1206
1206
1206
1207
1206
1204
1203
1202
1198
1196
1193
1190
1187
1185
1185
1184
1183
1183
1181
1181
1182
1182
1181
1181
1180
1180
1179
1180
1179
1178
1177
1179
1177
1177
1177
1176
1175
1175
1174
1174
1174
1175
1178
1185
1189
1193
1198
1200
1202
1203
1204
1205
1205
1206
1205
1203
1202
1199
1196
1194
1190
1189
1185
1184
1183
1183
1182
1182
1183
1182
1182
1182
1183
1182
1183
1182
1180
1179
1180
1180
1179
1177
1177
1176
1176
1176
1176
1175
1175
1175
1173
1176
1177
1182
1187
1192
1197
1200
1200
1201
1203
1204
1203
1203
1201
1200
1198
1195
1192
1191
1188
1187
1183
1183
1184
1182
1182
1182
1184
1181
1180
1180
1181
1180
1179
1179
1180
1177
1177
1178
1176
1178
1175
1176
1177
1174
1174
1175
1173
1174
1176
1177
1183
1188
1192
1196
1199
1203
1202
1203
1205
1206
1204
1202
1202
1200
1199
1196
1192
1191
1189
1185
1184
1184
1184
1181
1181
1184
1181
1181
1181
1182
1182
1180
1180
1180
1179
1178
1177
1179
1176
1176
1176
1176
1174
1174
1176
1176
1172
1173
1176
1179
1184
1190
1196
1198
1201
1205
1205
1206
1206
1207
1207
1207
1204
1204
1201
1201
1195
1192
1190
1187
1186
1184
1183
1182
1182
1185
1184
1183
1183
1183
1181
1181
1182
1181
1180
1180
1179
1180
1177
1176
1176
1176
1176
1176
1175
1174
1173
1173
1175
1178
1183
1188
1195
1198
1200
1202
1205
1205
1207
1208
1208
1206
1205
1203
1202
1198
1196
1193
1191
1188
1185
1185
1184
1182
1182
1182
1183
1182
1183
1183
1184
1183
1182
1182
1181
1180
1180
1181
1181
1179
1179
1179
1178
1176
1178
1177
1176
1174
1175
1175
1176
1176
1183
1187
1192
1196
1200
1205
1205
1206
1208
1209
1208
1208
1206
1204
1201
1200
1197
1195
1193
1190
1187
1187
1186
1184
1186
1184
1183
1184
1183
1184
1181
1183
1184
1183
1181
1183
1181
1183
1179
1180
1179
1179
1179
1179
1179
1177
1176
1175
1177
1176
1177
1180
1187
1191
1196
1200
1203
1205
1208
1208
1210
1209
1209
1211
1207
1207
1203
1201
1198
1197
1193
1190
1188
1189
1186
1186
1186
1185
1186
1185
1185
1184
1185
1184
1183
1185
1183
1183
1183
1183
1182
1181
1182
1181
1179
1178
1179
1177
1176
1176
1176
1177
1183
1187
1191
1196
1200
1204
1204
1207
1208
1208
1207
1208
1207
1206
1204
1202
1200
1196
1195
1191
1189
1188
1185
1185
1184
1184
1183
1184
1184
1183
1184
1185
1184
1183
1183
1182
1181
1180
1180
1181
1179
1180
1179
1179
1179
1176
1176
1176
1175
1178
1183
1188
1191
1196
1199
1203
1204
1206
1206
1207
1207
1205
1207
1203
1201
1200
1199
1195
1192
1190
1187
1186
1184
1184
1184
1184
1184
1182
1183
1183
1182
1182
1181
1180
1182
1181
1181
1180
1179
1179
1179
1178
1177
1176
1176
1177
1175
1175
1176
1181
1185
1187
1193
1196
1200
1201
1203
1203
1204
1204
1204
1203
1202
1199
1198
1195
1193
1190
1187
1186
1183
1184
1183
1183
1182
1181
1181
1181
1180
1181
1180
1179
1179
1180
1180
1179
1178
1177
1177
1176
1176
1176
1175
1175
1174
1174
1173
1175
1180
1183
1188
1192
1196
1197
1199
1200
1200
1201
1200
1199
1199
1196
1195
1193
1190
1187
1184
1182
1181
1179
1180
1180
1179
1178
1180
1180
1179
1179
1179
1178
1179
1177
1177
1178
1176
1177
1176
1176
1176
1176
1174
1174
1172
1172
1174
1175
1180
1183
1188
1191
1195
1196
1196
1199
1198
1196
1196
1196
1193
1191
1190
1186
1184
1180
1180
1179
1178
1177
1176
1177
1177
1177
1177
1176
1177
1177
1176
1177
1176
1176
1175
1175
1175
1173
1174
1174
1174
1172
1171
1171
1171
1172
1174
1180
1185
1189
1192
1195
1198
1198
1198
1199
1198
1199
1198
1195
1193
1191
1190
1186
1184
1180
1179
1177
1178
1176
1178
1178
1178
1179
1177
1177
1177
1176
1175
1175
1174
1174
1174
1173
1174
1172
1171
1171
1171
1170
1170
1170
1174
1179
1183
1189
1193
1197
1199
1200
1201
1201
1203
1203
1201
1200
1198
1196
1193
1191
1188
1186
1183
1181
1179
1181
1179
1179
1179
1180
1180
1178
1178
1178
1179
1177
1177
1177
1175
1177
1175
1175
1174
1174
1172
1172
1172
1172
1172
1176
1181
1186
1191
1198
1198
1201
1204
1205
1206
1205
1206
1206
1205
1203
1203
1200
1199
1196
1192
1191
1187
1185
1183
1183
1182
1182
1183
1180
1181
1181
1180
1180
1180
1180
1180
1178
1177
1178
1176
1176
1176
1176
1175
1175
1173
1173
1172
1175
1178
1184
1189
1194
1199
1202
1204
1206
1208
1208
1210
1211
1210
1208
1207
1207
1204
1201
1198
1195
1194
1191
1188
1187
1185
1188
1184
1184
1184
1183
1184
1183
1183
1182
1182
1183
1181
1181
1179
1180
1178
1179
1177
1177
1177
1178
1175
1175
1176
1174
1174
1176
1178
1183
1188
1194
1199
1203
1204
1206
1208
1209
1211
1208
1209
1208
1207
1206
1203
1201
1197
1195
1191
1190
1187
1184
1185
1185
1185
1184
1184
1183
1183
1183
1182
1182
1181
1182
1180
1180
1179
1179
1179
1178
1179
1175
1176
1175
1175
1176
1175
1174
1174
1172
1172
1171
1172
1172
1174
1180
1185
1190
1196
1199
1201
1201
1203
1205
1205
1204
1204
1203
1202
1200
1198
1194
1191
1188
1186
1183
1183
1183
1180
1180
1180
1182
1181
1180
1180
1180
1180
1180
1178
1178
1177
1176
1177
1176
1176
1174
1175
1174
1173
1173
1172
1172
1171
1172
1171
1170
1170
1170
1171
1175
1180
1183
1188
1192
1196
1198
1199
1200
1200
1201
1201
1199
1199
1196
1195
1193
1191
1187
1183
1182
1180
1180
1177
1177
1177
1179
1178
1178
1177
1178
1177
1177
1176
1176
1175
1175
1175
1175
1174
1173
1172
1172
1171
1171
1171
1171
1171
1170
1169
1168
1168
1169
1172
1176
1181
1186
1191
1195
1196
1198
1200
1200
1201
1201
1200
1200
1198
1198
1196
1192
1190
1187
1184
1183
1180
1179
1178
1178
1179
1178
1178
1176
1177
1177
1177
1176
1176
1176
1175
1175
1175
1176
1175
1173
1172
1171
1173
1172
1171
1170
1169
1170
1169
1168
1168
1171
1177
1181
1187
1190
1195
1197
1199
1200
1201
1201
1201
1200
1200
1199
1198
1196
1194
1191
1188
1186
1182
1180
1179
1179
1178
1176
1177
1177
1177
1177
1176
1176
1176
1176
1175
1174
1175
1174
1172
1172
1172
1171
1171
1171
1170
1169
1170
1169
1168
1168
1168
1167
1167
1169
1174
1176
1183
1188
1191
1193
1195
1197
1199
1199
1198
1198
1198
1196
1194
1192
1190
1187
1185
1181
1180
1177
1176
1176
1176
1175
1175
1175
1175
1175
1176
1175
1174
1173
1174
1173
1173
1171
1173
1170
1171
1171
1170
1171
1169
1168
1169
1168
1172
1167
1171
1167
1166
1168
1172
1177
1182
1186
1190
1191
1192
1195
1191
1194
1195
1193
1191
1190
1188
1187
1183
1182
1178
1176
1175
1172
1172
1172
1172
1173
1174
1175
1173
1172
1173
1172
1172
1172
1172
1171
1171
1170
1170
1170
1171
1170
1170
1168
1169
1167
1167
1165
1166
1166
1166
1169
1173
1179
1180
1184
1188
1189
1191
1193
1191
1191
1191
1191
1189
1189
1186
1183
1181
1180
1176
1175
1174
1172
1173
1171
1171
1171
1172
1171
1171
1171
1171
1171
1171
1170
1169
1169
1168
1168
1167
1168
1167
1166
1166
1166
1164
1164
1164
1165
1167
1168
1171
1176
1182
1185
1188
1191
1194
1194
1194
1195
1196
1195
1193
1191
1190
1187
1185
1184
1180
1177
1176
1174
1174
1174
1174
1174
1173
1173
1172
1174
1172
1173
1174
1173
1173
1172
1171
1171
1170
1169
1171
1169
1167
1167
1167
1168
1166
1165
1166
1166
1167
1172
1177
1182
1185
1188
1192
1193
1192
1195
1196
1194
1194
1192
1192
1190
1188
1185
1182
1181
1177
1176
1172
1174
1172
1171
1171
1174
1171
1171
1171
1171
1172
1171
1171
1169
1171
1169
1167
1167
1169
1168
1167
1166
1165
1165
1164
1165
1164
1163
1165
1165
1168
1172
1178
1181
1187
1189
1191
1192
1192
1192
1193
1192
1191
1191
1188
1187
1183
1180
1179
1176
1173
1172
1172
1169
1170
1171
1171
1171
1169
1170
1171
1170
1169
1168
1170
1168
1168
1167
1168
1166
1167
1167
1165
1166
1166
1164
1164
1164
1164
1163
1163
1167
1170
1176
1178
1182
1186
1187
1189
1188
1190
1190
1188
1188
1188
1185
1182
1180
1178
1175
1174
1172
1171
1170
1170
1169
1171
1171
1168
1170
1169
1168
1169
1169
1169
1168
1168
1167
1168
1165
1166
1166
1166
1166
1164
1164
1164
1164
1163
1162
1164
1166
1167
1171
1175
1180
1183
1187
1187
1188
1187
1186
1188
1187
1186
1184
1183
1180
1178
1176
1172
1171
1169
1169
1168
1169
1168
1169
1169
1169
1169
1169
1168
1168
1167
1168
1167
1168
1168
1166
1167
1166
1164
1166
1164
1164
1164
1163
1162
1163
1161
1166
1167
1171
1175
1180
1181
1183
1185
1184
1187
1186
1185
1183
1183
1180
1180
1176
1174
1171
1171
1167
1167
1167
1166
1165
1165
1166
1167
1166
1167
1167
1167
1164
1166
1164
1164
1163
1163
1164
1164
1164
1162
1163
1163
1161
1162
1162
1160
1159
1161
1163
1168
1171
1175
1176
1176
1179
1180
1180
1178
1178
1177
1175
1172
1171
1168
1168
1166
1164
1164
1162
1162
1163
1163
1163
1160
1161
1161
1162
1163
1162
1163
1161
1161
1161
1162
1162
1161
1161
1161
1162
1159
1160
1158
1158
1157
1158
1158
1160
1163
1167
1170
1171
1172
1176
1174
1174
1172
1171
1170
1169
1167
1166
1164
1161
1160
1159
1157
1157
1157
1158
1159
1159
1158
1159
1158
1158
1158
1159
1158
1158
1159
1159
1158
1157
1156
1156
1156
1156
1156
1155
1155
1156
1157
1159
1161
1166
1169
1172
1176
1176
1178
1177
1177
1176
1176
1174
1172
1170
1168
1165
1164
1164
1160
1160
1159
1159
1158
1158
1159
1159
1160
1162
1160
1161
1161
1160
1159
1160
1160
1159
1158
1159
1158
1159
1158
1158
1158
1158
1158
1161
1166
1171
1176
1179
1182
1184
1185
1186
1187
1185
1185
1184
1183
1181
1179
1178
1176
1172
1169
1167
1166
1166
1165
1166
1165
1165
1167
1167
1167
1165
1165
1165
1165
1165
1163
1165
1164
1163
1163
1163
1161
1161
1160
1159
1161
1164
1167
1172
1176
1180
1184
1187
1187
1188
1190
1189
1190
1189
1189
1187
1185
1184
1181
1177
1176
1173
1171
1169
1169
1168
1168
1167
1168
1167
1168
1168
1168
1169
1168
1167
1167
1166
1166
1166
1165
1165
1164
1164
1163
1163
1162
1162
1166
1170
1175
1178
1182
1187
1187
1190
1190
1191
1190
1190
1188
1187
1185
1184
1181
1178
1176
1174
1172
1171
1170
1169
1168
1167
1169
1168
1169
1169
1167
1168
1167
1167
1167
1167
1166
1166
1166
1164
1164
1164
1165
1164
1164
1163
1161
1164
1168
1171
1176
1180
1183
1185
1185
1188
1187
1187
1187
1186
1183
1183
1180
1178
1176
1174
1171
1171
1168
1167
1167
1166
1167
1167
1167
1168
1167
1166
1168
1167
1167
1167
1166
1165
1166
1164
1164
1163
1164
1163
1162
1162
1160
1162
1161
1163
1166
1170
1174
1180
1180
1182
1184
1185
1185
1185
1184
1183
1183
1182
1179
1176
1173
1171
1170
1168
1167
1167
1167
1167
1167
1168
1167
1168
1169
1168
1169
1168
1168
1168
1168
1169
1167
1167
1166
1168
1167
1166
1165
1164
1165
1166
1166
1167
1170
1173
1176
1180
1183
1185
1186
1186
1185
1185
1184
1185
1184
1181
1179
1176
1175
1171
1171
1168
1169
1171
1168
1168
1168
1168
1167
1169
1168
1168
1168
1170
1167
1168
1166
1166
1167
1166
1166
1166
1166
1167
1164
1164
1163
1162
1163
1163
1166
1170
1173
1176
1178
1182
1182
1182
1182
1183
1180
1179
1178
1175
1175
1171
1169
1167
1167
1166
1167
1165
1164
1164
1164
1165
1165
1167
1166
1167
1167
1167
1167
1167
1169
1168
1167
1167
1166
1166
1165
1166
1164
1164
1164
1163
1163
1164
1167
1171
1175
1179
1180
1182
1183
1183
1183
1181
1179
1180
1177
1175
1172
1172
1168
1165
1164
1164
1163
1164
1162
1164
1162
1163
1164
1162
1163
1164
1164
1164
1165
1163
1164
1164
1161
1163
1163
1163
1161
1161
1160
1160
1159
1161
1162
1164
1167
1170
1172
1176
1177
1178
1179
1178
1178
1178
1175
1172
1171
1171
1168
1166
1166
1165
1163
1163
1163
1163
1162
1164
1163
1164
1164
1163
1163
1164
1164
1163
1164
1163
1163
1164
1162
1163
1162
1160
1160
1160
1161
1159
1159
1161
1163
1167
1171
1175
1176
1179
1181
1180
1180
1179
1176
1176
1172
1170
1169
1168
1167
1166
1163
1163
1163
1163
1163
1163
1164
1163
1164
1164
1164
1163
1163
1163
1164
1163
1163
1161
1163
1163
1160
1159
1159
1159
1159
1158
1160
1163
1166
1170
1174
1176
1180
1180
1181
1180
1180
1180
1178
1177
1176
1174
1172
1169
1169
1167
1164
1163
1163
1163
1163
1163
1163
1163
1163
1164
1164
1163
1163
1164
1164
1164
1164
1163
1161
1161
1161
1161
1159
1159
1159
1159
1163
1167
1172
1175
1180
1182
1186
1187
1186
1187
1189
1188
1186
1185
1184
1182
1181
1178
1175
1172
1175
1169
1168
1167
1168
1168
1167
1168
1167
1167
1168
1166
1167
1167
1166
1165
1165
1165
1164
1163
1164
1163
1162
1162
1161
1163
1167
1171
1177
1181
1185
1188
1190
1192
1193
1195
1194
1194
1193
1192
1194
1190
1189
1186
1184
1180
1179
1178
1176
1175
1173
1174
1173
1172
1174
1173
1172
1172
1172
1172
1172
1171
1169
1169
1169
1168
1168
1168
1167
1167
1165
1166
1169
1174
1180
1184
1189
1192
1195
1198
1197
1198
1200
1199
1200
1198
1199
1196
1196
1194
1192
1190
1186
1187
1183
1182
1181
1179
1179
1178
1177
1179
1177
1176
1176
1176
1176
1176
1175
1175
1173
1174
1171
1171
1170
1169
1171
1168
1168
1167
1167
1168
1172
1176
1183
1187
1192
1195
1198
1198
1200
1200
1200
1200
1199
1200
1198
1196
1193
1191
1188
1187
1183
1182
1181
1180
1179
1177
1177
1176
1178
1177
1177
1177
1176
1176
1176
1175
1174
1174
1174
1172
1172
1172
1171
1172
1170
1170
1169
1168
1168
1168
1167
1168
1170
1176
1180
1186
1191
1195
1196
1198
1198
1200
1199
1200
1198
1198
1197
1195
1192
1189
1187
1184
1182
1180
1179
1179
1177
1176
1176
1179
1176
1177
1176
1175
1176
1174
1175
1174
1172
1171
1173
1171
1171
1171
1171
1171
1169
1168
1168
1168
1167
1166
1167
1169
1174
1179
1184
1188
1193
1195
1196
1197
1199
1200
1198
1198
1197
1196
1193
1192
1190
1186
1184
1180
1179
1178
1177
1179
1176
1176
1176
1176
1176
1176
1176
1175
1174
1175
1174
1173
1172
1172
1172
1171
1170
1171
1169
1170
1169
1168
1168
1170
1166
1167
1169
1175
1181
1188
1191
1196
1196
1198
1201
1200
1201
1201
1200
1199
1199
1198
1196
1193
1191
1190
1186
1184
1182
1179
1179
1178
1178
1179
1178
1178
1177
1176
1176
1177
1176
1175
1174
1174
1173
1175
1173
1172
1171
1172
1170
1171
1170
1168
1169
1168
1167
1168
1169
1173
1180
1185
1191
1194
1199
1199
1201
1202
1203
1203
1203
1202
1201
1200
1200
1198
1195
1193
1190
1187
1184
1183
1182
1180
1180
1177
1177
1178
1178
1176
1177
1178
1177
1176
1177
1176
1174
1173
1174
1172
1171
1171
1171
1171
1169
1170
1169
1169
1168
1167
1167
1168
1168
1171
1177
1182
1186
1191
1194
1197
1198
1200
1203
1203
1200
1201
1200
1199
1196
1196
1193
1192
1187
1185
1183
1180
1179
1179
1179
1176
1176
1176
1177
1176
1176
1176
1176
1175
1174
1174
1173
1172
1172
1173
1172
1171
1170
1171
1169
1167
1168
1169
1168
1166
1167
1166
1166
1165
1167
1169
1174
1179
1185
1188
1191
1192
1196
1197
1197
1196
1198
1199
1196
1195
1194
1191
1188
1185
1183
1180
1179
1177
1177
1176
1176
1174
1174
1175
1176
1174
1174
1176
1176
1172
1173
1172
1172
1171
1171
1170
1169
1169
1170
1169
1168
1167
1167
1167
1166
1165
1166
1167
1164
1167
1172
1176
1179
1183
1189
1191
1191
1193
1193
1192
1193
1191
1190
1188
1187
1186
1182
1179
1176
1175
1174
1173
1171
1171
1172
1173
1170
1171
1171
1171
1171
1171
1171
1171
1168
1169
1169
1168
1167
1168
1168
1166
1166
1166
1166
1167
1164
1164
1165
1163
1164
1164
1168
1172
1178
1185
1184
1187
1190
1190
1191
1191
1191
1191
1191
1190
1186
1187
1184
1179
1177
1176
1173
1171
1171
1172
1170
1169
1171
1171
1171
1169
1169
1169
1171
1171
1170
1168
1167
1167
1167
1167
1166
1165
1167
1166
1164
1163
1163
1164
1163
1161
1163
1167
1169
1174
1180
1185
1186
1189
1192
1192
1194
1193
1194
1195
1192
1190
1188
1186
1185
1183
1179
1177
1175
1174
1171
1171
1170
1170
1171
1171
1171
1171
1171
1170
1171
