- Blood Lab

- Experiment date = 2021-11-25 13:47:39
- Experiment duration = 60.00 s
- Number of samples in measure = 0
- Sampling period = 10291.95 us
- Sampling frequency = 97 Hz
- Samples count = 5830

- adc12bit
1623
1628
1628
1628
1632
1633
1631
1630
1630
1630
1624
1627
1624
1621
1623
1620
1620
1619
1619
1622
1619
1619
1616
1619
1617
1619
1622
1619
1618
1618
1620
1622
1619
1619
1620
1621
1620
1620
1619
1616
1619
1619
1617
1614
1619
1616
1616
1618
1615
1613
1615
1618
1617
1615
1617
1614
1615
1615
1617
1616
1617
1622
1624
1625
1628
1630
1626
1625
1623
1623
1621
1619
1619
1616
1620
1616
1615
1615
1615
1615
1614
1616
1613
1615
1615
1614
1615
1615
1615
1615
1615
1615
1615
1615
1617
1615
1615
1615
1614
1615
1615
1613
1613
1614
1612
1612
1613
1612
1612
1612
1611
1612
1612
1612
1612
1611
1611
1612
1611
1612
1615
1616
1618
1619
1621
1621
1618
1619
1619
1617
1615
1615
1614
1614
1612
1609
1610
1609
1609
1609
1609
1608
1607
1608
1612
1608
1611
1609
1609
1610
1610
1611
1610
1611
1607
1610
1609
1608
1609
1608
1607
1606
1608
1607
1607
1607
1604
1605
1606
1605
1606
1605
1605
1605
1607
1606
1605
1605
1608
1609
1612
1613
1615
1615
1617
1614
1615
1611
1611
1607
1607
1608
1607
1604
1603
1604
1605
1604
1603
1604
1605
1604
1606
1604
1603
1605
1606
1605
1607
1606
1606
1606
1607
1604
1603
1603
1604
1603
1602
1602
1604
1602
1602
1602
1601
1601
1602
1600
1603
1600
1601
1601
1601
1599
1601
1600
1602
1604
1607
1612
1613
1612
1613
1613
1614
1612
1609
1609
1608
1605
1604
1600
1601
1603
1601
1601
1600
1600
1599
1599
1599
1600
1600
1600
1601
1603
1600
1602
1601
1603
1601
1601
1600
1600
1598
1600
1601
1599
1598
1598
1598
1598
1597
1597
1599
1598
1598
1596
1598
1597
1596
1596
1598
1596
1596
1596
1598
1602
1604
1602
1605
1607
1607
1608
1608
1606
1612
1606
1600
1602
1601
1599
1599
1597
1596
1596
1598
1597
1595
1595
1598
1595
1596
1597
1597
1599
1599
1598
1598
1600
1598
1597
1596
1599
1596
1598
1596
1598
1596
1593
1594
1596
1595
1593
1592
1595
1593
1594
1592
1592
1592
1593
1592
1593
1594
1591
1592
1594
1590
1595
1598
1601
1600
1603
1607
1605
1603
1603
1603
1603
1598
1599
1597
1595
1592
1593
1592
1592
1589
1591
1590
1590
1589
1589
1590
1590
1590
1590
1592
1592
1591
1591
1593
1591
1590
1590
1591
1590
1586
1587
1588
1587
1587
1586
1587
1586
1585
1585
1586
1587
1587
1586
1587
1585
1587
1586
1585
1587
1585
1586
1585
1586
1587
1584
1585
1585
1587
1587
1591
1594
1596
1596
1598
1599
1599
1596
1596
1596
1593
1591
1589
1588
1588
1587
1585
1585
1584
1583
1583
1585
1584
1585
1585
1587
1590
1588
1587
1588
1587
1587
1587
1587
1585
1586
1583
1584
1584
1583
1584
1583
1582
1582
1583
1582
1581
1582
1581
1582
1582
1581
1581
1580
1583
1582
1581
1581
1582
1581
1580
1580
1581
1582
1584
1585
1587
1592
1590
1592
1592
1592
1593
1591
1589
1587
1586
1585
1583
1583
1582
1581
1583
1582
1582
1580
1578
1579
1580
1581
1580
1581
1583
1582
1583
1583
1583
1582
1582
1582
1582
1580
1580
1580
1579
1580
1579
1579
1579
1579
1579
1577
1578
1578
1576
1576
1577
1578
1576
1577
1577
1577
1576
1577
1576
1576
1576
1577
1576
1576
1576
1575
1576
1577
1580
1580
1581
1586
1587
1589
1588
1590
1588
1587
1587
1585
1584
1582
1580
1580
1579
1578
1577
1577
1576
1576
1575
1576
1576
1577
1577
1578
1579
1578
1580
1580
1580
1578
1580
1578
1577
1578
1578
1577
1576
1575
1575
1575
1575
1575
1574
1574
1574
1574
1575
1575
1573
1573
1574
1574
1575
1574
1575
1575
1573
1573
1574
1574
1572
1573
1573
1573
1572
1574
1573
1580
1578
1582
1582
1584
1585
1584
1584
1584
1582
1584
1582
1579
1577
1577
1575
1574
1574
1572
1573
1572
1570
1572
1575
1574
1574
1573
1576
1574
1575
1575
1576
1576
1577
1576
1576
1575
1575
1575
1575
1573
1574
1574
1573
1572
1572
1572
1571
1572
1571
1570
1572
1571
1571
1571
1568
1573
1569
1570
1568
1570
1570
1569
1569
1569
1569
1569
1567
1567
1567
1567
1569
1571
1573
1576
1578
1580
1579
1579
1577
1577
1575
1574
1574
1570
1569
1570
1568
1567
1567
1566
1566
1567
1566
1565
1566
1566
1566
1567
1567
1568
1568
1568
1570
1569
1568
1567
1568
1568
1568
1567
1569
1566
1565
1566
1564
1565
1564
1565
1564
1564
1562
1564
1564
1564
1564
1564
1564
1563
1563
1563
1563
1563
1564
1564
1565
1567
1569
1571
1572
1574
1574
1575
1573
1573
1570
1568
1567
1567
1565
1564
1564
1561
1562
1561
1563
1561
1561
1560
1560
1562
1562
1562
1563
1563
1563
1564
1564
1564
1563
1563
1562
1562
1562
1561
1561
1560
1560
1560
1559
1559
1560
1560
1558
1560
1559
1560
1559
1559
1558
1559
1560
1559
1558
1558
1559
1560
1563
1566
1568
1569
1571
1571
1572
1571
1572
1567
1567
1565
1563
1563
1560
1559
1560
1558
1559
1557
1558
1556
1557
1558
1556
1558
1558
1558
1558
1559
1560
1560
1559
1558
1558
1559
1557
1556
1557
1555
1555
1554
1555
1555
1554
1554
1553
1553
1553
1553
1553
1551
1552
1556
1552
1552
1552
1552
1552
1553
1555
1559
1560
1562
1563
1565
1567
1566
1566
1565
1565
1563
1561
1559
1559
1557
1555
1555
1554
1555
1553
1553
1554
1552
1555
1552
1552
1552
1554
1553
1555
1554
1555
1556
1556
1555
1555
1554
1554
1554
1552
1554
1551
1551
1552
1551
1551
1550
1550
1551
1551
1550
1551
1551
1548
1550
1550
1551
1550
1552
1551
1553
1557
1560
1561
1562
1563
1565
1564
1564
1563
1561
1560
1557
1555
1554
1553
1552
1552
1551
1550
1550
1550
1550
1550
1550
1550
1552
1550
1551
1552
1552
1552
1552
1554
1551
1551
1551
1550
1551
1552
1548
1549
1548
1547
1548
1547
1547
1548
1547
1546
1548
1548
1547
1547
1548
1548
1546
1546
1548
1548
1547
1547
1550
1551
1555
1559
1560
1560
1562
1561
1563
1563
1561
1560
1558
1556
1556
1555
1551
1550
1550
1551
1548
1550
1548
1548
1548
1549
1548
1548
1550
1550
1551
1548
1550
1550
1550
1551
1548
1548
1547
1548
1547
1548
1547
1546
1546
1545
1545
1545
1545
1544
1545
1544
1544
1544
1544
1544
1544
1543
1545
1544
1544
1545
1545
1545
1544
1543
1544
1543
1544
1543
1543
1545
1542
1543
1544
1546
1551
1551
1555
1558
1560
1558
1560
1560
1561
1558
1559
1555
1554
1552
1550
1548
1548
1548
1546
1546
1548
1546
1545
1546
1545
1545
1545
1546
1545
1546
1545
1548
1548
1547
1547
1547
1545
1545
1544
1544
1544
1543
1543
1542
1543
1541
1541
1541
1540
1542
1540
1542
1541
1540
1541
1541
1541
1542
1540
1541
1541
1540
1540
1540
1540
1541
1541
1540
1540
1540
1540
1540
1540
1539
1539
1539
1539
1539
1539
1539
1538
1539
1543
1544
1550
1552
1553
1554
1555
1555
1555
1555
1555
1553
1551
1548
1548
1547
1543
1543
1542
1543
1542
1541
1541
1542
1539
1539
1540
1540
1540
1542
1543
1544
1543
1543
1543
1544
1543
1543
1542
1542
1542
1540
1539
1540
1540
1539
1539
1539
1538
1541
1542
1540
1539
1537
1538
1537
1538
1539
1539
1539
1539
1539
1539
1539
1539
1539
1541
1539
1539
1538
1539
1537
1537
1537
1537
1537
1538
1540
1543
1545
1548
1548
1550
1550
1551
1552
1550
1549
1548
1547
1543
1543
1541
1541
1539
1539
1538
1538
1538
1537
1537
1536
1538
1537
1539
1538
1538
1539
1540
1540
1539
1540
1540
1539
1540
1539
1538
1537
1539
1536
1537
1536
1534
1536
1536
1534
1534
1533
1535
1535
1534
1536
1535
1536
1534
1535
1534
1535
1536
1534
1534
1534
1534
1536
1536
1537
1539
1542
1545
1545
1543
1546
1547
1549
1547
1545
1545
1542
1540
1539
1537
1538
1536
1534
1535
1536
1535
1534
1536
1535
1534
1534
1536
1536
1537
1537
1537
1537
1538
1536
1538
1537
1536
1536
1536
1534
1534
1534
1532
1532
1534
1532
1533
1532
1531
1536
1532
1532
1532
1532
1531
1532
1532
1534
1531
1531
1532
1532
1531
1531
1532
1530
1531
1530
1532
1534
1539
1540
1543
1544
1544
1545
1545
1544
1544
1544
1542
1540
1539
1537
1536
1535
1536
1534
1532
1531
1533
1531
1532
1531
1532
1532
1533
1533
1535
1534
1534
1534
1534
1534
1536
1534
1532
1534
1534
1531
1532
1532
1532
1529
1531
1531
1529
1529
1531
1531
1530
1530
1529
1529
1529
1528
1529
1531
1529
1529
1530
1530
1529
1529
1529
1532
1530
1528
1529
1529
1529
1529
1529
1532
1533
1536
1541
1543
1541
1543
1545
1544
1542
1543
1543
1540
1537
1536
1535
1534
1532
1532
1531
1532
1531
1531
1531
1528
1530
1529
1532
1533
1532
1531
1533
1532
1532
1532
1533
1532
1534
1531
1531
1531
1531
1529
1529
1531
1527
1528
1528
1528
1528
1528
1528
1528
1527
1528
1532
1529
1528
1528
1528
1528
1528
1529
1528
1528
1528
1527
1528
1529
1528
1527
1528
1528
1528
1527
1528
1530
1530
1531
1534
1539
1539
1542
1542
1542
1539
1540
1539
1537
1536
1536
1533
1532
1531
1531
1529
1528
1528
1528
1528
1528
1527
1528
1529
1529
1531
1531
1530
1530
1532
1532
1531
1531
1531
1531
1529
1528
1529
1528
1528
1527
1528
1528
1527
1527
1528
1527
1527
1526
1527
1526
1526
1526
1527
1527
1527
1526
1527
1525
1526
1527
1526
1525
1526
1528
1526
1528
1530
1534
1534
1539
1538
1536
1538
1537
1537
1536
1536
1532
1531
1531
1529
1529
1527
1527
1528
1527
1527
1525
1525
1525
1524
1525
1526
1524
1526
1527
1528
1527
1528
1528
1529
1527
1528
1528
1527
1525
1526
1526
1526
1524
1526
1525
1525
1523
1524
1524
1526
1522
1522
1525
1524
1524
1524
1525
1524
1524
1523
1526
1524
1523
1524
1526
1525
1524
1523
1526
1528
1530
1531
1532
1535
1536
1537
1537
1537
1536
1536
1536
1533
1532
1531
1528
1527
1527
1526
1526
1524
1525
1524
1525
1524
1524
1524
1524
1525
1525
1527
1524
1528
1523
1527
1528
1528
1528
1526
1525
1526
1526
1526
1525
1524
1524
1523
1523
1523
1523
1524
1523
1523
1523
1523
1521
1521
1521
1521
1521
1521
1522
1522
1523
1523
1520
1521
1521
1521
1522
1521
1522
1523
1525
1528
1530
1534
1535
1535
1536
1534
1537
1532
1531
1530
1531
1527
1527
1525
1526
1524
1524
1523
1522
1522
1522
1521
1523
1523
1523
1523
1526
1524
1523
1525
1523
1525
1525
1524
1524
1523
1523
1522
1523
1521
1522
1521
1521
1520
1521
1520
1520
1520
1520
1520
1518
1520
1520
1520
1520
1519
1518
1520
1522
1520
1521
1521
1520
1521
1520
1520
1520
1522
1524
1526
1528
1531
1534
1533
1533
1536
1534
1531
1531
1529
1528
1527
1524
1524
1523
1524
1522
1522
1522
1520
1520
1520
1521
1520
1521
1524
1521
1523
1523
1524
1525
1526
1523
1528
1523
1524
1523
1523
1522
1521
1521
1521
1521
1520
1520
1519
1519
1519
1520
1519
1517
1519
1519
1519
1520
1519
1519
1520
1519
1519
1519
1520
1520
1521
1523
1525
1528
1530
1531
1531
1531
1532
1529
1528
1527
1524
1524
1524
1521
1521
1520
1521
1520
1518
1518
1519
1518
1519
1519
1520
1520
1521
1520
1521
1522
1521
1522
1521
1521
1521
1518
1520
1519
1520
1519
1519
1518
1518
1518
1517
1517
1519
1517
1518
1517
1516
1517
1517
1518
1518
1518
1518
1517
1516
1516
1518
1517
1518
1519
1519
1521
1520
1526
1527
1530
1531
1532
1532
1531
1531
1531
1528
1526
1523
1523
1521
1520
1519
1520
1517
1519
1518
1518
1518
1518
1518
1518
1519
1519
1519
1519
1520
1521
1520
1520
1520
1520
1520
1520
1518
1518
1518
1517
1517
1517
1517
1516
1518
1516
1515
1514
1516
1516
1516
1515
1516
1515
1515
1516
1514
1516
1515
1516
1516
1515
1515
1516
1516
1516
1516
1518
1521
1523
1526
1528
1528
1530
1531
1531
1531
1528
1528
1527
1524
1523
1521
1519
1519
1519
1518
1517
1516
1518
1517
1517
1518
1516
1517
1519
1518
1519
1519
1520
1520
1519
1519
1518
1519
1519
1517
1516
1518
1517
1516
1516
1516
1516
1516
1515
1516
1515
1515
1516
1516
1515
1515
1516
1516
1515
1514
1515
1515
1515
1514
1516
1515
1515
1515
1515
1518
1516
1518
1520
1524
1527
1529
1529
1528
1529
1530
1528
1528
1526
1524
1522
1522
1521
1520
1520
1519
1523
1521
1520
1521
1521
1521
1520
1522
1521
1522
1521
1521
1522
1522
1522
1521
1522
1521
1518
1520
1518
1518
1516
1516
1516
1516
1516
1514
1515
1514
1513
1515
1515
1513
1516
1515
1513
1515
1516
1516
1514
1514
1515
1514
1515
1513
1514
1514
1515
1513
1515
1518
1521
1523
1524
1526
1526
1528
1527
1528
1526
1524
1524
1521
1520
1518
1516
1516
1517
1516
1515
1513
1513
1513
1513
1514
1516
1516
1516
1516
1516
1515
1514
1518
1516
1518
1517
1516
1516
1516
1515
1515
1513
1513
1513
1512
1513
1512
1512
1510
1512
1513
1512
1512
1512
1512
1513
1512
1513
1513
1512
1512
1512
1511
1512
1513
1513
1512
1515
1516
1520
1520
1522
1523
1523
1523
1521
1521
1520
1520
1517
1516
1513
1514
1512
1513
1511
1512
1511
1513
1511
1512
1515
1512
1512
1514
1514
1513
1514
1513
1516
1515
1518
1515
1515
1514
1514
1513
1513
1514
1512
1512
1515
1512
1513
1512
1512
1513
1512
1513
1512
1515
1516
1513
1514
1513
1515
1513
1516
1514
1515
1516
1518
1521
1524
1526
1529
1528
1527
1528
1527
1526
1525
1522
1521
1519
1519
1518
1516
1515
1515
1516
1515
1515
1515
1515
1515
1516
1516
1516
1516
1516
1517
1518
1517
1517
1518
1518
1518
1517
1516
1516
1516
1515
1515
1516
1516
1515
1518
1516
1515
1516
1515
1515
1515
1516
1515
1516
1516
1514
1515
1516
1515
1515
1516
1518
1521
1523
1526
1528
1529
1530
1529
1532
1531
1528
1527
1525
1523
1523
1521
1520
1518
1517
1517
1516
1516
1516
1515
1516
1516
1515
1516
1518
1518
1517
1519
1517
1517
1519
1519
1518
1519
1517
1516
1516
1515
1516
1515
1514
1514
1514
1514
1514
1515
1514
1513
1515
1515
1514
1513
1514
1513
1513
1513
1514
1513
1512
1513
1516
1518
1520
1523
1526
1526
1527
1528
1529
1528
1527
1526
1523
1522
1521
1520
1520
1516
1513
1515
1515
1512
1514
1513
1512
1512
1513
1513
1515
1514
1514
1514
1515
1515
1515
1515
1516
1515
1515
1514
1513
1513
1513
1513
1513
1513
1511
1512
1511
1511
1512
1511
1513
1511
1511
1511
1511
1510
1511
1511
1509
1510
1511
1514
1516
1517
1521
1524
1525
1525
1527
1526
1525
1524
1523
1521
1519
1517
1516
1515
1512
1512
1512
1512
1511
1511
1511
1511
1511
1511
1512
1512
1513
1513
1513
1512
1513
1512
1512
1513
1513
1511
1511
1511
1511
1511
1510
1511
1509
1508
1509
1509
1507
1509
1509
1508
1508
1507
1508
1507
1510
1507
1508
1508
1507
1507
1507
1507
1508
1509
1508
1511
1514
1516
1519
1520
1521
1524
1522
1523
1521
1520
1520
1518
1516
1516
1512
1513
1510
1509
1510
1508
1508
1508
1508
1509
1508
1509
1508
1510
1510
1510
1511
1511
1511
1510
1511
1511
1511
1510
1510
1510
1508
1511
1509
1515
1507
1513
1507
1512
1505
1504
1505
1506
1507
1507
1507
1507
1511
1505
1512
1506
1506
1505
1512
1506
1507
1508
1510
1511
1513
1517
1517
1520
1520
1521
1520
1519
1518
1516
1516
1512
1511
1510
1509
1507
1507
1507
1508
1505
1507
1506
1506
1507
1507
1507
1507
1508
1508
1508
1508
1508
1508
1510
1509
1509
1508
1508
1510
1507
1506
1506
1506
1506
1506
1504
1507
1505
1504
1505
1508
1505
1505
1504
1505
1504
1504
1505
1505
1502
1507
1510
1513
1512
1516
1518
1520
1520
1516
1521
1516
1516
1512
1512
1511
1511
1507
1507
1507
1507
1508
1505
1505
1506
1506
1506
1505
1508
1507
1507
1507
1508
1508
1509
1509
1509
1507
1508
1510
1508
1507
1507
1510
1505
1505
1505
1507
1504
1508
1504
1507
1504
1504
1505
1506
1505
1504
1504
1505
1504
1505
1504
1505
1504
1504
1506
1509
1511
1513
1516
1517
1518
1519
1518
1519
1516
1519
1516
1516
1512
1511
1508
1507
1505
1507
1507
1504
1503
1504
1504
1507
1505
1507
1508
1505
1507
1504
1506
1507
1507
1507
1507
1507
1507
1507
1506
1506
1506
1505
1504
1504
1504
1503
1503
1503
1504
1503
1503
1503
1504
1503
1502
1503
1503
1502
1502
1502
1503
1502
1501
1504
1504
1507
1510
1511
1513
1516
1517
1518
1518
1518
1518
1517
1515
1513
1511
1510
1510
1505
1504
1504
1504
1504
1502
1504
1507
1505
1504
1505
1505
1504
1504
1506
1506
1505
1506
1507
1506
1506
1505
1504
1504
1504
1505
1504
1505
1502
1503
1502
1502
1500
1502
1501
1502
1500
1501
1501
1502
1500
1502
1502
1501
1502
1501
1503
1501
1502
1501
1501
1500
1502
1504
1505
1506
1508
1512
1515
1516
1516
1517
1517
1515
1515
1514
1515
1510
1510
1507
1507
1503
1503
1503
1504
1502
1502
1502
1502
1500
1503
1502
1503
1503
1504
1507
1504
1504
1504
1505
1504
1504
1504
1500
1504
1502
1503
1502
1502
1501
1500
1500
1500
1500
1500
1501
1500
1500
1500
1500
1501
1497
1499
1499
1499
1500
1499
1500
1499
1500
1500
1500
1500
1500
1501
1504
1506
1511
1511
1511
1514
1514
1515
1514
1514
1512
1511
1509
1508
1506
1504
1506
1503
1504
1501
1501
1500
1501
1500
1502
1501
1503
1504
1503
1500
1502
1502
1503
1508
1503
1503
1503
1503
1502
1503
1501
1501
1500
1500
1500
1499
1497
1500
1499
1500
1499
1498
1500
1499
1500
1500
1499
1499
1498
1498
1499
1499
1498
1499
1498
1498
1497
1499
1498
1497
1499
1500
1502
1504
1507
1509
1512
1511
1512
1514
1513
1511
1511
1510
1508
1506
1503
1503
1502
1501
1501
1500
1500
1499
1500
1500
1500
1500
1499
1500
1501
1502
1502
1502
1502
1502
1504
1503
1502
1501
1503
1501
1500
1502
1500
1500
1496
1498
1499
1497
1497
1497
1497
1497
1497
1498
1496
1496
1497
1497
1497
1497
1498
1496
1497
1496
1496
1496
1496
1496
1496
1500
1502
1504
1507
1508
1510
1510
1510
1510
1509
1507
1507
1506
1504
1502
1503
1499
1497
1498
1497
1496
1497
1498
1496
1496
1496
1498
1497
1498
1499
1499
1500
1499
1500
1499
1499
1500
1499
1499
1497
1497
1498
1497
1497
1496
1496
1496
1496
1497
1496
1496
1495
1496
1496
1495
1496
1495
1495
1495
1496
1496
1496
1496
1496
1500
1498
1499
1501
1503
1506
1508
1509
1510
1508
1507
1507
1506
1505
1501
1500
1499
1499
1498
1496
1496
1494
1494
1495
1496
1495
1496
1495
1495
1496
1497
1496
1497
1499
1498
1499
1498
1497
1497
1498
1497
1497
1496
1497
1495
1495
1495
1496
1495
1495
1494
1494
1494
1494
1496
1492
1493
1493
1495
1493
1493
1495
1494
1495
1497
1502
1503
1503
1505
1505
1511
1505
1506
1505
1504
1503
1501
1500
1499
1498
1497
1495
1495
1494
1494
1494
1493
1493
1494
1494
1496
1495
1496
1497
1496
1496
1496
1496
1496
1496
1496
1497
1496
1496
1496
1492
1494
1494
1494
1494
1493
1494
1494
1493
1494
1494
1493
1492
1492
1492
1492
1491
1495
1496
1500
1500
1503
1504
1506
1507
1505
1507
1504
1503
1503
1500
1499
1497
1497
1496
1494
1494
1494
1494
1493
1493
1492
1492
1493
1494
1494
1496
1495
1495
1495
1495
1495
1497
1496
1495
1494
1494
1492
1492
1492
1491
1492
1491
1491
1491
1490
1489
1491
1491
1490
1490
1490
1491
1490
1490
1489
1490
1491
1494
1496
1499
1500
1503
1504
1507
1505
1505
1504
1504
1502
1500
1498
1496
1495
1495
1492
1491
1490
1490
1491
1490
1490
1491
1491
1491
1491
1491
1491
1493
1492
1494
1494
1494
1493
1493
1493
1493
1494
1491
1491
1491
1490
1491
1491
1488
1490
1490
1490
1490
1489
1489
1490
1489
1488
1488
1489
1490
1489
1489
1489
1489
1492
1496
1500
1501
1505
1505
1506
1506
1506
1506
1506
1504
1501
1500
1498
1495
1495
1493
1493
1491
1491
1491
1491
1490
1490
1491
1491
1491
1492
1492
1492
1492
1492
1493
1494
1494
1493
1493
1492
1492
1491
1492
1491
1492
1489
1489
1489
1489
1490
1489
1489
1489
1491
1488
1491
1491
1489
1489
1488
1488
1488
1489
1491
1489
1488
1489
1489
1489
1489
1488
1489
1491
1492
1490
1493
1496
1500
1502
1504
1505
1505
1505
1508
1504
1504
1502
1500
1498
1496
1495
1494
1492
1491
1491
1491
1491
1491
1490
1493
1491
1492
1491
1489
1492
1492
1493
1493
1493
1492
1493
1494
1493
1492
1492
1492
1489
1489
1490
1489
1489
1489
1489
1488
1489
1488
1488
1489
1488
1487
1489
1488
1488
1488
1488
1488
1488
1488
1489
1488
1490
1489
1489
1487
1488
1488
1488
1488
1490
1491
1494
1496
1499
1500
1501
1503
1504
1503
1503
1502
1500
1499
1496
1494
1492
1492
1489
1490
1492
1489
1488
1488
1488
1487
1489
1489
1489
1490
1491
1491
1491
1490
1491
1491
1491
1491
1491
1491
1491
1489
1489
1489
1488
1487
1488
1487
1487
1489
1487
1487
1486
1486
1487
1487
1487
1487
1487
1487
1486
1487
1487
1487
1487
1486
1487
1487
1484
1486
1486
1486
1487
1489
1492
1494
1496
1498
1500
1501
1500
1502
1501
1499
1499
1497
1495
1493
1492
1491
1488
1488
1489
1488
1488
1487
1487
1487
1488
1486
1485
1488
1489
1488
1490
1488
1489
1489
1490
1489
1490
1488
1488
1489
1490
1488
1487
1487
1486
1486
1486
1486
1486
1486
1486
1485
1486
1485
1487
1487
1485
1486
1485
1485
1485
1486
1485
1485
1486
1486
1486
1486
1486
1487
1488
1491
1493
1495
1499
1499
1500
1499
1499
1499
1497
1497
1496
1494
1491
1489
1488
1487
1487
1487
1486
1486
1487
1486
1486
1488
1486
1486
1487
1487
1488
1488
1489
1489
1489
1489
1488
1491
1488
1488
1487
1488
1486
1486
1486
1486
1485
1484
1484
1487
1486
1485
1484
1485
1486
1486
1484
1485
1486
1484
1485
1485
1485
1485
1484
1484
1485
1486
1487
1489
1492
1495
1496
1498
1497
1499
1497
1498
1498
1495
1493
1491
1489
1489
1488
1487
1486
1486
1486
1485
1485
1485
1486
1486
1486
1486
1487
1487
1487
1490
1489
1488
1487
1488
1491
1487
1487
1487
1486
1484
1485
1485
1485
1486
1484
1484
1485
1485
1484
1484
1484
1484
1484
1484
1484
1484
1484
1485
1484
1484
1486
1487
1486
1487
1490
1493
1494
1496
1497
1497
1497
1497
1495
1495
1494
1491
1490
1488
1488
1484
1485
1484
1485
1485
1486
1486
1486
1486
1485
1485
1486
1486
1488
1487
1487
1488
1488
1489
1488
1487
1487
1487
1487
1487
1487
1486
1486
1486
1485
1484
1484
1484
1484
1486
1486
1484
1484
1485
1484
1484
1484
1484
1486
1486
1489
1492
1493
1496
1496
1497
1498
1498
1497
1496
1496
1493
1491
1489
1489
1487
1487
1487
1486
1485
1485
1486
1485
1486
1485
1486
1486
1487
1489
1490
1490
1488
1489
1490
1488
1488
1487
1487
1486
1486
1484
1486
1484
1487
1484
1484
1486
1485
1484
1485
1484
1483
1487
1484
1486
1484
1486
1488
1491
1494
1497
1497
1499
1500
1499
1499
1498
1497
1494
1494
1492
1491
1489
1488
1488
1487
1485
1485
1486
1486
1486
1486
1488
1487
1487
1487
1489
1487
1488
1489
1490
1488
1488
1488
1489
1487
1487
1490
1488
1484
1485
1485
1485
1484
1485
1484
1483
1483
1486
1485
1484
1484
1484
1484
1484
1487
1490
1493
1494
1498
1500
1500
1500
1503
1502
1502
1499
1498
1496
1494
1492
1492
1492
1487
1486
1487
1487
1486
1485
1486
1487
1486
1486
1488
1488
1488
1491
1489
1490
1491
1490
1489
1489
1489
1487
1488
1487
1488
1487
1486
1486
1486
1485
1486
1487
1486
1485
1486
1487
1485
1485
1485
1486
1485
1484
1485
1487
1487
1489
1494
1497
1500
1501
1503
1505
1506
1504
1504
1503
1500
1500
1497
1497
1493
1494
1492
1490
1489
1488
1488
1490
1489
1488
1488
1488
1489
1489
1490
1490
1492
1490
1490
1489
1490
1489
1488
1488
1488
1488
1487
1487
1487
1484
1485
1485
1487
1484
1484
1484
1485
1483
1484
1484
1483
1483
1484
1485
1484
1484
1484
1484
1485
1485
1483
1486
1484
1481
1483
1483
1484
1486
1488
1492
1496
1498
1501
1502
1504
1504
1504
1503
1503
1498
1498
1497
1496
1494
1492
1492
1491
1489
1488
1490
1487
1487
1487
1487
1487
1488
1487
1488
1489
1489
1489
1488
1489
1487
1489
1486
1487
1487
1486
1487
1487
1484
1486
1484
1484
1485
1484
1482
1483
1483
1483
1483
1484
1484
1483
1481
1481
1483
1483
1484
1483
1483
1482
1483
1483
1483
1482
1482
1482
1484
1481
1482
1481
1481
1481
1483
1481
1483
1481
1483
1480
1481
1481
1482
1484
1488
1492
1494
1499
1497
1500
1502
1502
1502
1499
1499
1496
1496
1493
1492
1491
1489
1488
1488
1486
1484
1486
1484
1486
1484
1485
1485
1486
1486
1487
1487
1488
1488
1488
1487
1486
1487
1485
1485
1486
1485
1484
1484
1483
1483
1486
1482
1481
1482
1481
1482
1482
1482
1483
1479
1480
1482
1481
1481
1481
1482
1481
1480
1481
1480
1480
1481
1480
1480
1481
1480
1482
1481
1480
1480
1481
1480
1480
1480
1483
1485
1489
1490
1494
1495
1499
1499
1499
1500
1498
1496
1496
1494
1492
1491
1489
1488
1487
1487
1485
1486
1484
1482
1485
1483
1483
1483
1484
1485
1484
1486
1485
1485
1487
1486
1485
1484
1484
1483
1484
1481
1482
1481
1480
1481
1482
1483
1480
1480
1480
1479
1480
1479
1480
1480
1479
1479
1479
1480
1480
1480
1480
1480
1479
1479
1480
1480
1480
1481
1482
1480
1478
1479
1479
1481
1481
1481
1484
1489
1490
1492
1495
1496
1498
1498
1498
1498
1496
1495
1491
1491
1489
1487
1486
1485
1484
1483
1484
1482
1481
1481
1482
1483
1483
1483
1484
1483
1484
1484
1485
1486
1484
1484
1486
1483
1481
1483
1481
1483
1483
1479
1480
1479
1480
1479
1480
1479
1480
1479
1479
1479
1479
1478
1479
1479
1479
1479
1478
1479
1478
1478
1479
1479
1480
1480
1479
1478
1479
1479
1478
1479
1479
1478
1478
1478
1479
1480
1482
1484
1488
1490
1492
1494
1495
1497
1499
1496
1497
1495
1494
1491
1489
1487
1487
1486
1483
1484
1482
1481
1481
1480
1482
1482
1484
1483
1482
1483
1482
1483
1483
1483
1484
1484
1483
1483
1481
1482
1481
1482
1480
1481
1479
1479
1479
1478
1478
1477
1479
1479
1478
1477
1477
1476
1476
1476
1479
1480
1474
1479
1479
1479
1478
1478
1479
1479
1476
1478
1478
1479
1476
1479
1476
1479
1478
1476
1477
1476
1478
1475
1480
1482
1484
1489
1489
1491
1494
1492
1491
1493
1488
1492
1490
1487
1487
1483
1483
1483
1480
1477
1480
1481
1480
1477
1479
1478
1480
1481
1482
1481
1481
1483
1480
1483
1483
1482
1482
1483
1481
1480
1479
1480
1483
1480
1476
1478
1476
1479
1478
1475
1477
1478
1475
1478
1477
1479
1475
1476
1478
1477
1478
1478
1475
1477
1478
1479
1476
1478
1478
1479
1477
1478
1479
1483
1484
1487
1489
1492
1491
1492
1495
1494
1491
1491
1491
1487
1488
1485
1483
1482
1481
1479
1479
1479
1480
1478
1478
1478
1478
1478
1478
1480
1480
1480
1481
1481
1482
1481
1481
1483
1480
1479
1481
1479
1479
1481
1478
1478
1476
1476
1477
1476
1476
1475
1475
1476
1475
1475
1476
1476
1475
1479
1476
1475
1475
1475
1477
1475
1477
1476
1474
1475
1475
1475
1475
1475
1476
1478
1481
1484
1486
1488
1489
1490
1491
1491
1491
1490
1491
1488
1486
1484
1483
1481
1480
1480
1479
1480
1477
1478
1475
1476
1476
1477
1479
1476
1476
1479
1482
1479
1480
1485
1479
1480
1479
1480
1480
1478
1478
1478
1478
1477
1478
1476
1477
1476
1475
1476
1475
1476
1475
1475
1475
1475
1475
1475
1475
1475
1476
1475
1475
1475
1475
1475
1476
1476
1474
1475
1475
1475
1475
1476
1475
1475
1478
1480
1482
1484
1487
1488
1489
1490
1489
1489
1487
1486
1485
1484
1482
1480
1479
1477
1476
1476
1476
1475
1473
1474
1474
1475
1474
1475
1476
1476
1476
1476
1477
1478
1478
1478
1476
1476
1476
1477
1475
1475
1475
1475
1473
1473
1473
1473
1472
1473
1473
1473
1472
1472
1473
1472
1473
1472
1472
1474
1472
1474
1474
1473
1472
1472
1472
1473
1474
1475
1479
1481
1483
1484
1486
1487
1488
1487
1487
1485
1485
1483
1482
1481
1479
1476
1475
1475
1475
1474
1474
1473
1473
1473
1474
1473
1475
1474
1475
1475
1476
1476
1478
1478
1478
1476
1477
1475
1475
1475
1474
1474
1473
1472
1472
1472
1472
1472
1471
1475
1472
1472
1471
1471
1472
1471
1471
1472
1472
1471
1471
1472
1472
1470
1472
1472
1472
1473
1476
1478
1481
1484
1486
1487
1488
1488
1488
1488
1487
1486
1484
1482
1480
1478
1476
1476
1475
1475
1473
1474
1474
1473
1473
1473
1474
1473
1473
1474
1475
1475
1476
1476
1476
1475
1476
1475
1475
1474
1473
1475
1472
1472
1472
1472
1472
1471
1472
1471
1472
1471
1470
1471
1470
1471
1471
1470
1471
1472
1470
1471
1471
1471
1471
1471
1470
1470
1469
1471
1470
1472
1474
1477
1480
1483
1484
1486
1488
1487
1487
1487
1486
1485
1483
1481
1479
1477
1475
1475
1473
1473
1473
1472
1472
1472
1472
1472
1472
1472
1472
1472
1473
1474
1475
1474
1475
1476
1475
1474
1473
1472
1472
1472
1472
1472
1471
1471
1470
1470
1471
1470
1471
1469
1470
1470
1471
1470
1469
1469
1470
1470
1470
1469
1469
1471
1470
1471
1469
1469
1469
1470
1470
1470
1470
1470
1472
1474
1476
1479
1483
1484
1486
1486
1486
1487
1485
1484
1483
1482
1479
1478
1475
1474
1474
1472
1472
1471
1471
1471
1470
1471
1471
1471
1471
1472
1472
1473
1472
1473
1472
1473
1474
1473
1473
1473
1472
1471
1471
1471
1470
1471
1470
1470
1468
1470
1470
1470
1468
1470
1468
1468
1468
1468
1468
1469
1469
1468
1468
1470
1468
1468
1468
1468
1469
1468
1469
1468
1468
1471
1468
1468
1470
1471
1474
1477
1479
1481
1482
1486
1484
1486
1484
1484
1483
1481
1479
1476
1474
1475
1472
1471
1471
1471
1471
1471
1471
1472
1470
1470
1471
1470
1472
1472
1473
1473
1473
1473
1473
1472
1473
1472
1472
1471
1473
1470
1470
1469
1470
1468
1469
1469
1469
1470
1468
1468
1468
1468
1468
1467
1468
1467
1468
1467
1468
1466
1467
1468
1466
1466
1468
1467
1469
1467
1470
1472
1476
1476
1478
1478
1481
1479
1479
1479
1478
1476
1475
1474
1472
1468
1468
1469
1468
1465
1465
1467
1467
1465
1466
1467
1467
1467
1466
1467
1467
1468
1468
1469
1467
1467
1468
1468
1467
1467
1467
1466
1464
1464
1464
1465
1465
1464
1465
1465
1465
1464
1465
1465
1463
1463
1464
1463
1464
1464
1464
1464
1463
1464
1464
1464
1464
1464
1467
1468
1474
1476
1478
1478
1479
1481
1481
1481
1480
1479
1477
1475
1472
1472
1470
1468
1467
1467
1466
1465
1465
1467
1465
1466
1466
1468
1466
1466
1468
1468
1469
1469
1470
1471
1472
1470
1470
1468
1467
1467
1466
1465
1465
1465
1467
1465
1464
1464
1465
1465
1464
1464
1465
1462
1463
1464
1464
1463
1463
1463
1465
1462
1463
1463
1463
1464
1464
1468
1469
1472
1474
1477
1479
1479
1481
1481
1480
1479
1477
1477
1475
1472
1471
1469
1466
1467
1466
1468
1464
1464
1464
1465
1464
1465
1466
1465
1465
1468
1467
1467
1469
1468
1468
1468
1468
1467
1467
1465
1465
1464
1464
1464
1464
1464
1463
1463
1463
1463
1463
1464
1464
1463
1463
1462
1462
1464
1463
1461
1465
1463
1465
1462
1463
1464
1462
1462
1464
1467
1472
1472
1475
1475
1478
1478
1479
1479
1476
1475
1473
1470
1468
1468
1466
1466
1465
1464
1463
1463
1464
1465
1464
1462
1463
1466
1466
1465
1463
1465
1464
1466
1467
1467
1468
1468
1465
1464
1464
1467
1465
1463
1463
1464
1466
1463
1461
1465
1462
1464
1462
1461
1463
1462
1460
1462
1462
1464
1462
1459
1460
1462
1463
1462
1461
1464
1462
1466
1468
1471
1476
1476
1476
1475
1475
1475
1475
1474
1471
1471
1468
1465
1464
1465
1462
1460
1459
1462
1460
1459
1459
1462
1459
1460
1459
1459
1462
1459
1461
1460
1462
1464
1459
1462
1462
1460
1459
1460
1459
1459
1457
1459
1459
1458
1461
1458
1456
1458
1456
1456
1458
1457
1457
1459
1458
1457
1459
1457
1457
1456
1457
1456
1460
1460
1463
1465
1467
1469
1470
1470
1475
1471
1470
1469
1468
1467
1463
1464
1463
1460
1459
1457
1457
1459
1460
1459
1457
1458
1459
1459
1459
1460
1461
1457
1461
1460
1462
1463
1459
1464
1462
1460
1462
1459
1461
1456
1455
1461
1460
1456
1460
1459
1459
1457
1459
1457
1457
1455
1457
1455
1460
1457
1457
1460
1463
1464
1466
1469
1470
1472
1470
1471
1471
1470
1468
1467
1464
1464
1460
1461
1460
1459
1458
1459
1457
1457
1457
1455
1459
1458
1457
1459
1457
1456
1461
1459
1459
1459
1458
1459
1460
1462
1458
1459
1459
1456
1457
1456
1456
1456
1455
1457
1455
1454
1458
1456
1455
1456
1455
1454
1455
1455
1457
1455
1462
1459
1464
1466
1468
1470
1470
1472
1469
1468
1470
1465
1466
1464
1461
1461
1457
1456
1456
1456
1456
1454
1453
1456
1455
1455
1455
1455
1455
1456
1456
1457
1456
1457
1456
1458
1457
1458
1456
1456
1455
1455
1454
1453
1454
1454
1454
1453
1453
1452
1452
1454
1452
1453
1452
1452
1453
1452
1453
1453
1455
1457
1460
1464
1465
1466
1468
1469
1469
1468
1467
1464
1464
1462
1459
1457
1457
1456
1455
1454
1453
1453
1453
1452
1452
1453
1453
1455
1454
1454
1455
1456
1456
1456
1457
1457
1456
1455
1456
1455
1455
1454
1453
1452
1453
1452
1451
1452
1451
1451
1452
1451
1451
1450
1451
1451
1450
1451
1451
1451
1451
1454
1456
1458
1461
1463
1465
1466
1466
1465
1467
1465
1463
1460
1459
1459
1455
1454
1452
1452
1454
1451
1451
1451
1452
1452
1452
1452
1452
1454
1455
1454
1454
1454
1456
1455
1455
1456
1454
1454
1455
1451
1453
1452
1453
