- Wave Lab

- Experiment date = 2021-11-11 15:26:50
- Experiment duration = 10.00 s
- Number of samples in measure = 1
- Sampling period = 10000.00 us
- Sampling frequency = 100 Hz
- Samples count = 1000

- adc12bit
2339
2343
2342
2339
2335
2338
2336
2334
2332
2334
2339
2338
2339
2336
2331
2332
2332
2338
2339
2332
2336
2339
2335
2336
2336
2337
2335
2342
2335
2335
2341
2344
2335
2332
2335
2331
2339
2338
2338
2331
2343
2336
2334
2336
2335
2336
2336
2330
2336
2334
2332
2335
2339
2342
2343
2334
2340
2334
2330
2336
2337
2336
2337
2335
2339
2335
2329
2334
2342
2353
2352
2323
2342
2332
2343
2329
2329
2341
2335
2332
2337
2334
2338
2336
2334
2324
2343
2339
2333
2336
2335
2332
2342
2332
2335
2335
2334
2335
2335
2334
2337
2336
2344
2342
2340
2339
2343
2335
2339
2332
2332
2345
2340
2347
2345
2340
2343
2339
2336
2334
2342
2332
2324
2339
2336
2332
2338
2336
2335
2334
2328
2335
2331
2337
2339
2331
2337
2347
2336
2332
2335
2343
2337
2331
2332
2334
2342
2337
2337
2332
2332
2347
2331
2339
2341
2336
2336
2337
2340
2335
2333
2340
2339
2336
2334
2333
2338
2332
2337
2334
2333
2339
2335
2332
2335
2345
2336
2338
2331
2343
2332
2332
2334
2332
2328
2339
2340
2339
2335
2343
2334
2335
2339
2341
2339
2343
2338
2337
2339
2339
2336
2329
2335
2337
2335
2336
2334
2337
2341
2341
2341
2337
2332
2333
2334
2338
2350
2350
2345
2337
2330
2347
2338
2337
2332
2340
2339
2338
2339
2335
2332
2328
2340
2339
2345
2340
2335
2331
2340
2344
2336
2343
2336
2321
2332
2334
2332
2344
2337
2338
2335
2340
2335
2334
2336
2339
2335
2339
2336
2334
2332
2332
2335
2338
2344
2339
2328
2337
2338
2334
2336
2344
2335
2328
2337
2347
2336
2335
2332
2339
2339
2337
2339
2338
2337
2330
2337
2334
2338
2342
2339
2330
2335
2338
2340
2334
2334
2340
2335
2337
2334
2340
2335
2343
2340
2336
2339
2336
2332
2338
2335
2339
2343
2337
2339
2337
2348
2334
2332
2336
2340
2342
2336
2337
2333
2338
2340
2339
2339
2337
2342
2336
2333
2342
2343
2328
2335
2332
2337
2337
2339
2329
2340
2339
2337
2336
2336
2335
2343
2334
2335
2335
2336
2329
2340
2334
2348
2336
2340
2334
2341
2330
2344
2337
2332
2338
2337
2338
2333
2334
2337
2339
2338
2336
2339
2339
2339
2337
2340
2334
2337
2334
2334
2334
2342
2339
2334
2337
2335
2340
2332
2334
2328
2332
2331
2338
2332
2348
2350
2340
2338
2340
2339
2336
2336
2342
2320
2355
2353
2327
2343
2335
2331
2340
2339
2340
2340
2335
2351
2339
2337
2338
2334
2334
2334
2331
2343
2342
2344
2338
2337
2334
2336
2339
2348
2338
2340
2340
2333
2337
2332
2337
2337
2337
2342
2337
2331
2342
2338
2339
2341
2343
2339
2332
2334
2328
2339
2337
2342
2332
2342
2339
2336
2332
2342
2342
2338
2335
2333
2332
2347
2332
2337
2339
2340
2328
2340
2335
2329
2337
2329
2339
2337
2345
2339
2340
2330
2339
2347
2332
2339
2344
2335
2331
2335
2337
2339
2339
2340
2339
2339
2339
2336
2334
2334
2338
2334
2343
2337
2335
2335
2345
2339
2339
2334
2339
2341
2339
2335
2334
2335
2343
2340
2337
2335
2337
2332
2332
2332
2339
2343
2339
2339
2335
2340
2343
2334
2339
2332
2336
2339
2337
2336
2342
2335
2328
2340
2335
2335
2328
2332
2344
2335
2329
2331
2335
2335
2342
2320
2349
2342
2328
2336
2337
2335
2345
2343
2330
2345
2342
2327
2343
2343
2335
2339
2332
2332
2334
2334
2340
2332
2335
2342
2332
2345
2337
2332
2337
2335
2345
2337
2332
2336
2334
2342
2335
2342
2337
2343
2339
2345
2342
2332
2346
2335
2336
2335
2331
2337
2337
2338
2337
2335
2330
2331
2330
2335
2336
2340
2328
2337
2335
2332
2343
2342
2339
2331
2340
2336
2341
2332
2339
2342
2334
2335
2337
2335
2343
2334
2328
2334
2336
2336
2332
2336
2339
2337
2334
2347
2342
2329
2339
2328
2337
2338
2336
2335
2334
2337
2335
2335
2342
2339
2337
2335
2338
2337
2340
2331
2337
2339
2335
2331
2335
2337
2339
2334
2339
2332
2328
2335
2336
2335
2343
2335
2336
2335
2337
2342
2336
2335
2337
2339
2337
2336
2329
2340
2334
2328
2332
2337
2336
2336
2336
2339
2344
2345
2337
2335
2336
2337
2334
2337
2336
2336
2337
2337
2334
2334
2339
2335
2343
2327
2336
2340
2339
2344
2324
2336
2336
2332
2343
2314
2331
2339
2335
2347
2332
2341
2344
2347
2343
2326
2343
2333
2331
2332
2333
2332
2339
2335
2332
2345
2339
2335
2344
2335
2337
2340
2339
2339
2331
2337
2341
2337
2339
2332
2337
2342
2345
2335
2343
2340
2339
2335
2337
2337
2339
2335
2342
2338
2337
2330
2340
2333
2336
2337
2328
2333
2339
2338
2332
2339
2342
2335
2328
2335
2339
2339
2339
2337
2339
2345
2336
2339
2342
2332
2337
2343
2337
2337
2336
2339
2338
2333
2335
2341
2338
2328
2339
2334
2339
2342
2335
2342
2333
2335
2338
2327
2340
2334
2324
2333
2339
2339
2340
2332
2338
2329
2339
2336
2336
2350
2334
2327
2339
2336
2333
2333
2330
2336
2339
2330
2339
2339
2341
2333
2328
2329
2332
2337
2344
2339
2343
2339
2336
2335
2335
2339
2339
2345
2341
2339
2335
2336
2336
2348
2336
2343
2340
2335
2333
2328
2347
2334
2341
2337
2339
2332
2339
2340
2337
2347
2338
2340
2339
2334
2328
2326
2339
2332
2344
2335
2348
2332
2335
2332
2331
2348
2331
2342
2335
2343
2345
2334
2339
2335
2335
2335
2340
2328
2336
2331
2344
2334
2336
2335
2335
2335
2345
2332
2339
2339
2335
2339
2336
2340
2337
2343
2334
2336
2338
2339
2332
2348
2335
2339
2340
2340
2336
2345
2337
2335
2335
2336
2335
2339
2344
2334
2336
2335
2335
2343
2332
2337
2339
2336
2336
2334
2350
2336
2332
2337
2339
2336
2343
2332
2339
2340
2336
2339
2338
2336
2339
2340
2333
2334
2332
2346
2331
2336
2339
2340
2329
2339
2340
2336
2339
2334
2331
