- Wave Lab

- Experiment date = 2021-11-11 15:21:30
- Experiment duration = 10.00 s
- Number of samples in measure = 1
- Sampling period = 10000.00 us
- Sampling frequency = 100 Hz
- Samples count = 1000

- adc12bit
1496
1502
1505
1489
1494
1502
1512
1498
1499
1512
1492
1495
1496
1500
1497
1500
1498
1510
1500
1500
1503
1503
1505
1503
1493
1496
1503
1489
1495
1491
1500
1499
1492
1492
1504
1488
1496
1504
1502
1490
1502
1502
1507
1491
1502
1495
1505
1491
1497
1505
1499
1497
1507
1498
1499
1507
1488
1497
1501
1494
1496
1500
1505
1504
1497
1495
1504
1503
1497
1505
1504
1511
1511
1502
1495
1503
1510
1489
1513
1502
1500
1507
1498
1492
1500
1503
1505
1496
1500
1504
1495
1523
1494
1530
1520
1503
1500
1505
1508
1491
1504
1526
1496
1510
1499
1500
1497
1512
1490
1500
1511
1497
1494
1507
1500
1505
1508
1504
1496
1505
1489
1507
1491
1502
1513
1499
1504
1500
1489
1504
1503
1490
1495
1504
1503
1496
1497
1503
1497
1497
1500
1500
1489
1497
1504
1499
1491
1500
1499
1504
1505
1504
1496
1480
1517
1504
1495
1505
1505
1497
1507
1507
1500
1500
1503
1505
1503
1487
1504
1509
1502
1498
1495
1499
1496
1503
1499
1502
1505
1491
1508
1510
1491
1516
1503
1494
1504
1500
1495
1499
1499
1498
1502
1504
1500
1500
1500
1508
1495
1494
1500
1500
1507
1518
1500
1497
1498
1500
1505
1497
1497
1510
1500
1495
1504
1504
1508
1507
1484
1497
1491
1505
1524
1505
1502
1519
1496
1504
1501
1497
1511
1503
1496
1499
1503
1496
1497
1496
1494
1496
1502
1503
1499
1503
1496
1499
1498
1491
1495
1500
1499
1511
1497
1487
1510
1491
1500
1507
1504
1475
1497
1511
1508
1496
1500
1498
1500
1497
1519
1527
1502
1511
1506
1523
1523
1511
1503
1491
1488
1500
1496
1491
1491
1501
1505
1502
1497
1500
1496
1499
1499
1507
1495
1500
1494
1490
1496
1499
1503
1501
1498
1485
1495
1504
1504
1496
1491
1500
1502
1502
1508
1507
1500
1496
1503
1502
1499
1500
1494
1507
1502
1500
1501
1497
1506
1497
1507
1496
1508
1495
1500
1496
1502
1503
1507
1519
1497
1503
1499
1507
1504
1500
1491
1501
1503
1500
1512
1496
1500
1488
1506
1491
1510
1497
1515
1504
1500
1511
1492
1504
1500
1511
1508
1506
1500
1500
1495
1499
1493
1499
1502
1516
1499
1502
1503
1496
1503
1510
1496
1503
1508
1496
1506
1499
1508
1509
1491
1504
1489
1504
1490
1508
1491
1505
1499
1510
1498
1497
1507
1507
1499
1498
1494
1497
1494
1511
1506
1500
1508
1500
1505
1505
1502
1507
1502
1501
1492
1500
1507
1501
1495
1492
1503
1500
1491
1496
1498
1517
1499
1506
1504
1500
1506
1483
1530
1500
1526
1492
1487
1496
1483
1505
1510
1513
1483
1518
1507
1498
1492
1500
1495
1497
1507
1503
1507
1507
1496
1507
1500
1497
1500
1497
1500
1499
1496
1497
1502
1494
1507
1494
1499
1500
1507
1515
1504
1503
1491
1504
1502
1487
1502
1500
1492
1507
1512
1510
1499
1490
1509
1505
1502
1494
1499
1506
1501
1492
1499
1503
1508
1504
1497
1483
1497
1496
1510
1500
1500
1495
1500
1505
1503
1505
1491
1502
1504
1502
1496
1497
1497
1500
1511
1508
1506
1508
1497
1504
1508
1510
1499
1504
1500
1505
1503
1497
1500
1491
1497
1507
1490
1499
1500
1508
1505
1495
1498
1507
1511
1504
1503
1496
1515
1497
1507
1497
1504
1506
1511
1505
1507
1499
1484
1504
1493
1507
1497
1498
1505
1502
1502
1511
1495
1503
1495
1509
1505
1496
1511
1492
1513
1504
1499
1508
1500
1499
1498
1495
1505
1491
1495
1507
1523
1496
1504
1504
1502
1507
1489
1513
1491
1492
1500
1489
1497
1498
1504
1494
1489
1516
1500
1502
1514
1491
1494
1494
1504
1504
1507
1495
1494
1500
1504
1508
1496
1496
1495
1501
1500
1496
1495
1495
1502
1500
1502
1504
1502
1499
1507
1496
1499
1504
1508
1496
1507
1500
1504
1504
1496
1503
1494
1492
1503
1508
1497
1510
1496
1504
1496
1512
1505
1504
1507
1492
1496
1500
1498
1513
1504
1500
1491
1504
1497
1498
1505
1504
1499
1502
1499
1497
1499
1495
1500
1502
1491
1500
1499
1500
1503
1499
1504
1501
1510
1499
1501
1506
1499
1500
1507
1506
1500
1500
1506
1500
1503
1494
1503
1498
1496
1500
1495
1499
1503
1512
1497
1491
1503
1504
1499
1496
1502
1500
1499
1503
1497
1502
1512
1497
1506
1499
1497
1497
1502
1497
1484
1508
1497
1501
1500
1511
1493
1489
1491
1491
1503
1494
1503
1500
1503
1504
1500
1504
1504
1511
1516
1536
1506
1523
1508
1496
1501
1490
1505
1504
1498
1491
1497
1503
1508
1502
1497
1497
1503
1494
1498
1504
1507
1501
1496
1504
1507
1489
1494
1511
1493
1494
1504
1498
1510
1491
1507
1480
1496
1491
1503
1503
1500
1500
1494
1510
1504
1508
1503
1492
1499
1485
1503
1509
1496
1496
1495
1500
1507
1513
1502
1498
1499
1518
1504
1496
1505
1499
1500
1514
1507
1496
1494
1500
1492
1504
1496
1495
1495
1502
1497
1496
1504
1508
1500
1507
1502
1491
1521
1504
1484
1515
1502
1504
1504
1504
1505
1489
1497
1493
1507
1502
1503
1500
1495
1498
1500
1504
1511
1500
1507
1496
1510
1492
1508
1500
1498
1491
1499
1502
1497
1501
1499
1500
1496
1495
1499
1499
1503
1497
1495
1494
1491
1497
1495
1499
1501
1501
1502
1493
1511
1502
1503
1491
1503
1499
1491
1500
1497
1504
1506
1498
1504
1504
1490
1506
1488
1504
1494
1499
1502
1491
1500
1491
1496
1507
1505
1509
1503
1495
1507
1511
1492
1501
1500
1502
1496
1497
1491
1504
1504
1504
1510
1509
1489
1499
1500
1502
1500
1504
1503
1500
1503
1505
1502
1510
1507
1503
1492
1497
1493
1493
1499
1500
1504
1496
1497
1501
1505
1491
1494
1501
1498
1504
1500
1491
1505
1504
1505
1502
1502
1492
1496
1495
1500
1503
1502
1503
1494
1508
1502
1504
1491
1504
1502
1500
1496
1497
1501
1502
1504
1491
1505
1504
1496
1495
1494
1504
