- Wave Lab

- Experiment date = 2021-11-11 15:24:11
- Experiment duration = 10.00 s
- Number of samples in measure = 1
- Sampling period = 10000.00 us
- Sampling frequency = 100 Hz
- Samples count = 1000

- adc12bit
1872
1861
1865
1872
1868
1875
1872
1873
1875
1870
1863
1868
1867
1864
1874
1871
1857
1871
1864
1870
1869
1874
1873
1867
1865
1867
1871
1870
1862
1870
1874
1873
1863
1862
1875
1872
1878
1863
1863
1862
1867
1873
1868
1864
1871
1876
1868
1873
1867
1875
1868
1868
1865
1872
1871
1871
1865
1884
1873
1870
1869
1864
1879
1871
1867
1863
1876
1873
1871
1883
1867
1864
1878
1879
1873
1863
1864
1880
1864
1870
1868
1868
1868
1872
1868
1868
1870
1864
1861
1871
1866
1872
1871
1868
1863
1861
1871
1884
1871
1871
1872
1855
1871
1884
1873
1871
1864
1855
1880
1875
1870
1868
1881
1868
1872
1867
1871
1862
1871
1875
1860
1864
1875
1880
1869
1872
1871
1884
1873
1870
1876
1863
1876
1867
1866
1870
1868
1873
1877
1863
1866
1871
1863
1867
1878
1869
1871
1863
1872
1867
1874
1875
1872
1871
1872
1875
1873
1867
1884
1870
1870
1867
1869
1868
1870
1871
1881
1875
1866
1884
1874
1875
1875
1876
1871
1870
1871
1878
1865
1877
1881
1864
1863
1871
1870
1884
1871
1871
1855
1875
1865
1873
1871
1868
1864
1872
1863
1871
1875
1874
1865
1881
1871
1866
1868
1861
1870
1879
1875
1867
1871
1875
1864
1869
1870
1867
1875
1872
1879
1868
1871
1871
1880
1867
1872
1873
1873
1872
1883
1878
1863
1855
1875
1871
1864
1873
1863
1870
1873
1865
1870
1856
1867
1867
1864
1867
1877
1879
1858
1863
1869
1870
1872
1872
1866
1875
1868
1867
1866
1870
1859
1872
1874
1863
1868
1873
1880
1876
1879
1871
1863
1876
1875
1881
1862
1863
1875
1869
1872
1860
1878
1877
1868
1877
1870
1874
1870
1872
1871
1868
1862
1867
1863
1868
1880
1873
1883
1878
1865
1861
1868
1873
1871
1865
1873
1875
1868
1864
1868
1870
1862
1872
1880
1877
1867
1861
1871
1872
1868
1870
1864
1865
1870
1867
1867
1884
1874
1864
1880
1873
1873
1870
1863
1881
1870
1864
1870
1865
1863
1867
1873
1875
1876
1873
1870
1875
1878
1873
1872
1869
1867
1876
1870
1875
1861
1867
1872
1875
1872
1871
1875
1876
1873
1878
1872
1863
1867
1879
1868
1872
1870
1868
1870
1888
1851
1871
1864
1885
1878
1871
1874
1895
1886
1856
1864
1863
1864
1880
1871
1878
1860
1868
1864
1874
1867
1871
1873
1875
1878
1859
1875
1871
1865
1870
1869
1871
1868
1878
1873
1874
1874
1862
1867
1868
1863
1862
1868
1880
1872
1868
1868
1876
1876
1862
1865
1870
1864
1875
1871
1873
1865
1864
1871
1883
1870
1863
1871
1875
1871
1872
1872
1872
1863
1863
1869
1878
1868
1868
1872
1874
1873
1868
1883
1873
1868
1855
1871
1875
1870
1871
1871
1868
1871
1869
1868
1871
1859
1871
1871
1870
1886
1868
1868
1858
1870
1872
1862
1857
1870
1871
1865
1878
1871
1871
1873
1871
1876
1869
1871
1866
1868
1875
1872
1871
1881
1870
1863
1880
1886
1873
1875
1859
1872
1875
1870
1865
1875
1870
1875
1855
1870
1871
1891
1870
1862
1863
1880
1868
1880
1870
1874
1864
1891
1870
1870
1873
1871
1872
1867
1873
1879
1874
1877
1884
1875
1865
1880
1873
1871
1875
1875
1858
1864
1861
1879
1865
1871
1868
1858
1871
1870
1867
1871
1875
1868
1872
1870
1876
1868
1873
1873
1879
1868
1868
1868
1863
1866
1869
1868
1871
1871
1882
1880
1867
1865
1869
1870
1865
1873
1874
1880
1867
1868
1875
1869
1866
1882
1871
1874
1876
1874
1877
1862
1875
1871
1869
1868
1871
1873
1867
1870
1872
1872
1871
1871
1865
1871
1863
1863
1869
1871
1881
1864
1867
1878
1863
1870
1878
1869
1868
1873
1871
1863
1882
1870
1864
1868
1868
1864
1871
1863
1863
1864
1865
1863
1859
1864
1863
1872
1860
1870
1876
1875
1874
1847
1870
1878
1866
1890
1868
1864
1835
1862
1863
1871
1863
1859
1871
1875
1879
1867
1866
1868
1876
1865
1862
1870
1875
1868
1863
1871
1878
1872
1864
1879
1861
1873
1865
1861
1876
1859
1874
1877
1860
1862
1863
1872
1867
1872
1879
1859
1874
1858
1869
1876
1874
1873
1868
1852
1878
1863
1863
1872
1858
1867
1871
1873
1865
1872
1875
1868
1868
1865
1870
1873
1869
1870
1873
1864
1863
1873
1871
1880
1872
1870
1872
1873
1864
1858
1868
1873
1862
1875
1870
1873
1873
1867
1880
1874
1861
1873
1875
1873
1864
1863
1865
1868
1878
1871
1875
1863
1868
1868
1873
1880
1865
1871
1874
1883
1871
1863
1868
1879
1873
1871
1878
1872
1862
1873
1868
1873
1874
1870
1881
1865
1871
1868
1872
1864
1868
1866
1862
1874
1863
1871
1864
1867
1865
1875
1872
1868
1875
1870
1862
1864
1867
1870
1873
1867
1868
1873
1870
1865
1886
1859
1865
1868
1868
1863
1875
1868
1872
1875
1868
1868
1872
1876
1868
1864
1866
1864
1871
1871
1867
1873
1871
1872
1870
1870
1864
1882
1870
1873
1870
1878
1859
1874
1867
1864
1871
1871
1876
1868
1862
1862
1876
1875
1873
1864
1879
1868
1859
1867
1871
1873
1867
1865
1872
1875
1869
1875
1878
1867
1864
1880
1873
1870
1870
1876
1875
1864
1868
1871
1869
1860
1868
1875
1867
1868
1871
1867
1868
1863
1870
1872
1872
1869
1868
1867
1873
1861
1865
1871
1878
1873
1868
1871
1874
1868
1868
1863
1862
1878
1860
1875
1866
1868
1871
1870
1871
1868
1863
1868
1866
1868
1866
1865
1854
1868
1875
1847
1873
1860
1872
1868
1867
1868
1874
1872
1865
1875
1863
1878
1863
1868
1866
1868
1864
1875
1876
1867
1868
1867
1864
1868
1865
1863
1871
1871
1871
1875
1869
1863
1876
1878
1883
1865
1867
1875
1863
1871
1873
1871
1866
1870
1870
1877
1869
1863
1875
1864
1867
1874
1872
1875
1871
1871
1875
1866
1871
1862
1873
1871
1868
1873
1865
1875
1880
1864
1868
1864
1871
1866
1868
1871
1871
1861
1866
1860
1860
