- Wave Lab

- Experiment date = 2021-11-11 15:25:09
- Experiment duration = 10.00 s
- Number of samples in measure = 1
- Sampling period = 10000.00 us
- Sampling frequency = 100 Hz
- Samples count = 1000

- adc12bit
2249
2244
2238
2255
2248
2246
2251
2256
2251
2248
2251
2246
2245
2251
2248
2244
2254
2252
2246
2249
2255
2247
2256
2252
2256
2243
2244
2236
2250
2246
2245
2244
2248
2248
2248
2248
2251
2246
2249
2244
2247
2248
2249
2251
2247
2249
2250
2249
2248
2249
2247
2247
2260
2250
2257
2246
2240
2244
2248
2246
2246
2256
2254
2252
2254
2256
2256
2250
2255
2248
2245
2240
2260
2242
2247
2241
2249
2251
2255
2243
2251
2249
2247
2255
2259
2248
2251
2246
2247
2259
2243
2240
2250
2248
2251
2248
2247
2248
2247
2252
2249
2240
2247
2245
2250
2259
2244
2248
2251
2254
2252
2252
2248
2250
2243
2255
2251
2235
2256
2246
2246
2236
2244
2260
2254
2252
2275
2262
2245
2255
2247
2246
2259
2243
2256
2248
2249
2247
2251
2240
2247
2254
2247
2246
2248
2250
2244
2251
2251
2247
2247
2251
2245
2247
2247
2252
2247
2254
2252
2249
2247
2243
2254
2244
2240
2241
2249
2251
2248
2241
2250
2247
2248
2255
2252
2243
2248
2247
2252
2244
2249
2244
2240
2246
2247
2243
2255
2238
2249
2248
2250
2241
2246
2255
2254
2252
2244
2240
2248
2250
2251
2251
2251
2264
2247
2241
2244
2252
2251
2254
2259
2254
2246
2247
2242
2252
2247
2243
2251
2251
2256
2252
2245
2255
2250
2252
2248
2251
2246
2254
2248
2249
2245
2244
2252
2242
2249
2251
2245
2253
2250
2259
2248
2259
2243
2251
2251
2254
2249
2251
2244
2252
2256
2254
2260
2247
2256
2246
2253
2247
2243
2250
2247
2244
2256
2250
2249
2252
2249
2256
2246
2248
2264
2250
2238
2243
2262
2238
2256
2246
2244
2248
2249
2254
2243
2248
2239
2249
2254
2257
2256
2254
2247
2253
2250
2250
2247
2240
2255
2248
2253
2247
2246
2252
2249
2248
2252
2259
2249
2249
2249
2251
2239
2256
2249
2256
2251
2256
2252
2252
2251
2243
2246
2251
2253
2247
2254
2247
2240
2259
2249
2255
2250
2248
2252
2251
2241
2255
2253
2245
2252
2244
2245
2252
2250
2243
2251
2243
2246
2246
2252
2248
2251
2244
2248
2251
2255
2252
2255
2251
2251
2250
2255
2246
2252
2252
2248
2253
2244
2247
2244
2245
2248
2252
2251
2252
2249
2248
2254
2256
2246
2246
2260
2244
2255
2252
2252
2248
2249
2242
2252
2244
2243
2256
2251
2252
2243
2249
2247
2249
2241
2255
2240
2243
2249
2252
2255
2247
2243
2251
2249
2252
2244
2248
2247
2250
2255
2249
2252
2247
2256
2254
2251
2248
2252
2258
2250
2252
2251
2248
2240
2239
2257
2254
2244
2245
2272
2268
2270
2255
2239
2240
2238
2244
2261
2252
2249
2255
2255
2242
2255
2247
2247
2250
2249
2249
2250
2244
2251
2264
2253
2253
2238
2259
2254
2243
2259
2246
2257
2244
2252
2250
2255
2260
2256
2240
2255
2252
2241
2263
2252
2243
2263
2251
2251
2243
2249
2249
2257
2247
2253
2249
2244
2252
2257
2249
2248
2249
2249
2247
2247
2247
2247
2252
2249
2254
2247
2252
2257
2251
2248
2240
2252
2252
2249
2245
2255
2246
2247
2255
2247
2247
2248
2247
2249
2243
2250
2256
2245
2254
2243
2247
2256
2245
2245
2249
2249
2252
2243
2252
2246
2243
2256
2248
2255
2250
2243
2247
2260
2249
2264
2243
2243
2253
2248
2252
2256
2252
2255
2252
2260
2250
2247
2251
2255
2254
2245
2247
2247
2248
2259
2249
2251
2242
2247
2247
2251
2252
2247
2248
2245
2255
2247
2244
2252
2246
2248
2246
2248
2246
2251
2254
2247
2248
2254
2247
2251
2260
2247
2247
2261
2251
2260
2249
2246
2256
2243
2252
2256
2248
2246
2251
2248
2250
2255
2249
2255
2251
2243
2255
2241
2244
2259
2243
2247
2246
2248
2252
2249
2255
2247
2249
2252
2247
2258
2246
2244
2253
2243
2247
2257
2254
2249
2240
2247
2248
2246
2249
2246
2252
2253
2240
2252
2255
2244
2244
2255
2241
2247
2250
2249
2248
2248
2246
2252
2256
2250
2251
2251
2251
2248
2252
2259
2255
2251
2252
2247
2246
2251
2241
2252
2252
2248
2257
2249
2251
2247
2250
2247
2251
2259
2249
2248
2255
2248
2259
2243
2249
2246
2241
2247
2248
2247
2261
2247
2251
2252
2249
2248
2247
2244
2256
2243
2247
2253
2255
2236
2248
2263
2246
2249
2247
2245
2251
2247
2254
2249
2259
2242
2245
2255
2240
2247
2245
2247
2246
2247
2252
2247
2249
2247
2252
2244
2250
2248
2247
2255
2233
2244
2246
2232
2248
2244
2259
2251
2251
2272
2222
2252
2252
2253
2247
2252
2230
2255
2245
2261
2240
2248
2247
2258
2256
2243
2259
2249
2242
2251
2255
2247
2247
2255
2243
2248
2252
2255
2246
2248
2247
2251
2254
2249
2247
2252
2252
2252
2262
2251
2243
2241
2252
2248
2252
2247
2244
2249
2249
2250
2259
2250
2247
2245
2254
2247
2246
2253
2247
2243
2249
2257
2255
2249
2246
2241
2252
2243
2256
2247
2252
2248
2250
2259
2247
2250
2239
2248
2251
2248
2249
2247
2251
2246
2255
2251
2250
2252
2249
2246
2255
2250
2244
2254
2249
2241
2254
2244
2243
2248
2252
2259
2246
2251
2241
2254
2243
2243
2248
2249
2255
2247
2254
2236
2249
2249
2254
2251
2255
2255
2251
2259
2252
2255
2259
2246
2246
2244
2255
2250
2258
2246
2255
2252
2247
2252
2250
2246
2245
2264
2254
2243
2251
2251
2255
2248
2248
2247
2249
2266
2238
2252
2251
2259
2246
2240
2253
2243
2247
2248
2261
2248
2249
2247
2235
2249
2244
2236
2259
2252
2249
2244
2236
2253
2246
2243
2252
2246
2257
2259
2254
2240
2243
2255
2259
2241
2252
2249
2252
2251
2243
2246
2245
2252
2241
2247
2254
2244
2248
2243
2240
2243
2242
2246
2251
2254
2252
2252
2249
2253
2256
2247
2247
2252
2252
2243
2254
2241
2246
2251
2247
2240
2245
2248
2247
2251
2252
2248
2247
2257
2259
2247
2257
2250
2252
2250
2242
2251
2254
2247
2254
2251
2250
